3 0.561979 0.373148 0.088542 0.066667
3 0.656771 0.354630 0.085417 0.055556
3 0.663281 0.433796 0.091146 0.069444
3 0.565104 0.449074 0.087500 0.059259
3 0.568229 0.525000 0.087500 0.068519
3 0.667448 0.506944 0.092188 0.056481
3 0.671875 0.596759 0.089583 0.071296
3 0.576562 0.604630 0.083333 0.066667
3 0.579948 0.682407 0.083854 0.057407
3 0.678385 0.678704 0.092188 0.062963
3 0.576823 0.750463 0.081771 0.050926
3 0.675260 0.752315 0.096354 0.060185
3 0.680729 0.829630 0.093750 0.064815
3 0.582812 0.836111 0.088542 0.066667
