3 0.492708 0.537963 0.036458 0.046296
3 0.533854 0.539815 0.027083 0.059259
3 0.574479 0.543981 0.030208 0.056481
3 0.614323 0.542593 0.029687 0.050000
3 0.494010 0.727778 0.033854 0.048148
3 0.490885 0.664815 0.033854 0.044444
3 0.493490 0.608796 0.031771 0.050926
3 0.532813 0.664815 0.027083 0.044444
3 0.531250 0.603704 0.028125 0.040741
3 0.574740 0.668056 0.034896 0.050926
3 0.572135 0.608333 0.033854 0.044444
3 0.614844 0.667593 0.039062 0.044444
3 0.615625 0.613889 0.033333 0.044444
3 0.492708 0.849537 0.037500 0.043519
3 0.493490 0.793056 0.024479 0.050926
3 0.535417 0.791204 0.030208 0.056481
3 0.540625 0.729630 0.030208 0.038889
3 0.537240 0.855093 0.033854 0.050926
3 0.579167 0.736111 0.030208 0.048148
3 0.577865 0.857870 0.026562 0.043519
3 0.578646 0.798611 0.028125 0.047222
3 0.617969 0.853241 0.031771 0.052778
3 0.617969 0.730093 0.034896 0.047222
3 0.619271 0.790741 0.030208 0.044444
