1 0.520573 0.407407 0.065104 0.081481
1 0.592708 0.405093 0.061458 0.071296
1 0.667448 0.393519 0.068229 0.081481
1 0.675000 0.496296 0.072917 0.090741
1 0.675260 0.598611 0.070312 0.080556
1 0.681771 0.699537 0.078125 0.084259
1 0.685156 0.796296 0.065104 0.075926
1 0.604688 0.801852 0.073958 0.077778
1 0.601042 0.705556 0.062500 0.094444
1 0.531771 0.713426 0.064583 0.080556
1 0.532031 0.809722 0.065104 0.089815
1 0.527083 0.615741 0.064583 0.077778
1 0.523438 0.512037 0.067708 0.081481
1 0.599479 0.508333 0.067708 0.090741
