0 0.555469 0.668981 0.181771 0.517593
2 0.511979 0.466667 0.065625 0.053704
2 0.590885 0.466204 0.066146 0.056481
2 0.513802 0.539352 0.063021 0.050926
2 0.592969 0.539815 0.065104 0.050000
2 0.514583 0.842593 0.065625 0.059259
2 0.594531 0.842593 0.068229 0.057407
4 0.513021 0.615741 0.062500 0.044444
4 0.591927 0.615278 0.061979 0.039815
4 0.592708 0.691667 0.065625 0.042593
4 0.596875 0.768056 0.060417 0.041667
4 0.516146 0.769444 0.061458 0.044444
4 0.515885 0.692130 0.061979 0.041667
