0 0.599479 0.585648 0.212500 0.563889
4 0.626563 0.402778 0.060417 0.070370
4 0.543490 0.430093 0.066146 0.065741
4 0.634375 0.493519 0.067708 0.062963
4 0.636979 0.578241 0.063542 0.060185
4 0.641927 0.658796 0.063021 0.060185
4 0.650260 0.742130 0.071354 0.063889
4 0.650781 0.823148 0.059896 0.059259
4 0.568750 0.825926 0.057292 0.061111
4 0.564323 0.747222 0.057813 0.057407
4 0.558594 0.672222 0.056771 0.053704
4 0.552865 0.591204 0.057813 0.058333
4 0.548438 0.509722 0.059375 0.056481
