3 0.496875 0.506944 0.037500 0.065741
3 0.548177 0.503241 0.041146 0.069444
3 0.604167 0.500000 0.036458 0.057407
3 0.608594 0.591667 0.038021 0.057407
3 0.608073 0.681481 0.039062 0.066667
3 0.611198 0.772222 0.039062 0.062963
3 0.611198 0.862963 0.038021 0.055556
3 0.550781 0.856481 0.043229 0.070370
3 0.498177 0.845370 0.034896 0.061111
3 0.498698 0.761111 0.032813 0.059259
3 0.499219 0.675926 0.034896 0.059259
3 0.497917 0.595370 0.027083 0.057407
3 0.552083 0.670370 0.038542 0.059259
3 0.553125 0.766204 0.037500 0.067593
3 0.550521 0.592130 0.031250 0.060185
