1 0.558594 0.531944 0.036979 0.052778
1 0.601042 0.631481 0.035417 0.053704
1 0.653906 0.658796 0.032813 0.050926
1 0.664583 0.802315 0.034375 0.062037
1 0.573438 0.803241 0.033333 0.054630
1 0.613542 0.766667 0.035417 0.062963
1 0.569271 0.734722 0.028125 0.049074
1 0.567448 0.668519 0.034896 0.053704
3 0.563542 0.598148 0.032292 0.055556
3 0.603385 0.555093 0.031771 0.049074
3 0.611198 0.700000 0.027604 0.053704
3 0.657813 0.730093 0.032292 0.062037
3 0.645312 0.518981 0.034375 0.060185
3 0.651302 0.593056 0.036979 0.058333
