0 0.585417 0.638426 0.171875 0.462037
4 0.527865 0.480556 0.035937 0.059259
4 0.577344 0.475000 0.033854 0.059259
4 0.628125 0.467130 0.033333 0.060185
4 0.632552 0.578241 0.034896 0.060185
4 0.583073 0.584259 0.032813 0.057407
4 0.533854 0.590741 0.034375 0.061111
4 0.538802 0.694444 0.035937 0.066667
4 0.586198 0.687500 0.034896 0.065741
4 0.635938 0.684259 0.036458 0.068519
4 0.640625 0.789352 0.035417 0.063889
4 0.590885 0.789352 0.035937 0.063889
4 0.544271 0.796759 0.035417 0.067593
