3 0.520052 0.492593 0.039062 0.068519
3 0.532813 0.776389 0.040625 0.058333
3 0.573698 0.528241 0.036979 0.047222
3 0.574479 0.594907 0.035417 0.062037
3 0.578646 0.730556 0.036458 0.042593
3 0.581250 0.781944 0.035417 0.047222
3 0.614323 0.474537 0.045312 0.063889
3 0.617708 0.551389 0.037500 0.054630
3 0.616927 0.623148 0.036979 0.057407
3 0.622135 0.700926 0.040104 0.053704
3 0.628906 0.780556 0.034896 0.064815
3 0.525781 0.562963 0.034896 0.053704
3 0.525781 0.622222 0.033854 0.048148
3 0.529687 0.701852 0.036458 0.055556
