3 0.589583 0.481481 0.043750 0.066667
3 0.595573 0.556481 0.034896 0.059259
3 0.599740 0.682407 0.031771 0.055556
3 0.596094 0.622222 0.036979 0.046296
3 0.602083 0.749074 0.036458 0.046296
3 0.610417 0.817593 0.030208 0.055556
3 0.652083 0.539352 0.036458 0.060185
3 0.651563 0.612500 0.032292 0.050926
3 0.652865 0.684259 0.031771 0.046296
3 0.661198 0.748148 0.034896 0.053704
3 0.545573 0.552315 0.028646 0.050926
3 0.548958 0.618519 0.035417 0.053704
3 0.552865 0.679630 0.028646 0.050000
3 0.557292 0.760185 0.031250 0.055556
