3 0.640104 0.478704 0.050000 0.044444
3 0.644010 0.560185 0.053646 0.057407
3 0.649479 0.647222 0.054167 0.064815
3 0.577083 0.481944 0.054167 0.045370
3 0.582552 0.566667 0.054688 0.050000
3 0.528906 0.571759 0.046354 0.045370
3 0.525000 0.498148 0.044792 0.046296
3 0.533073 0.662037 0.046354 0.050000
3 0.537760 0.750926 0.048438 0.046296
3 0.595313 0.739815 0.048958 0.051852
3 0.655208 0.737500 0.050000 0.060185
3 0.658854 0.819907 0.059375 0.082407
3 0.595573 0.835648 0.053646 0.056481
3 0.537240 0.827778 0.049479 0.061111
