0 0.586198 0.643981 0.179688 0.454630
4 0.573698 0.485648 0.023438 0.037963
4 0.577604 0.553241 0.019792 0.036111
4 0.581510 0.618519 0.020313 0.033333
4 0.585417 0.684722 0.019792 0.036111
4 0.589063 0.749074 0.019792 0.037037
4 0.593229 0.814352 0.016667 0.030556
4 0.630469 0.547685 0.021354 0.037963
4 0.637240 0.683333 0.021354 0.037037
4 0.634375 0.617593 0.023958 0.040741
4 0.640104 0.750926 0.019792 0.035185
4 0.528906 0.560648 0.020313 0.036111
4 0.532552 0.625000 0.019271 0.033333
4 0.536719 0.688426 0.020313 0.036111
4 0.540365 0.751852 0.019271 0.033333
