0 0.586719 0.648148 0.183854 0.466667
4 0.526042 0.520370 0.025000 0.046296
4 0.573698 0.510648 0.024479 0.043519
4 0.623958 0.501389 0.029167 0.049074
4 0.628385 0.581481 0.027604 0.046296
4 0.633073 0.662037 0.028646 0.050000
4 0.638281 0.742593 0.028646 0.050000
4 0.642448 0.821296 0.028646 0.051852
4 0.592187 0.814352 0.025000 0.047222
4 0.587760 0.739352 0.023438 0.047222
4 0.583333 0.663889 0.023958 0.044444
4 0.578646 0.587037 0.026042 0.046296
4 0.530729 0.595833 0.023958 0.041667
4 0.535937 0.669444 0.022917 0.040741
4 0.540365 0.742593 0.022396 0.040741
4 0.545312 0.817130 0.022917 0.041667
