0 0.639844 0.645370 0.196354 0.483333
4 0.577865 0.501389 0.032813 0.049074
4 0.624479 0.492593 0.027083 0.046296
4 0.678906 0.574074 0.028646 0.050000
4 0.674219 0.482870 0.027604 0.045370
4 0.583594 0.593056 0.026562 0.047222
4 0.630990 0.584722 0.026562 0.045370
4 0.637240 0.676852 0.026562 0.046296
4 0.686458 0.670370 0.029167 0.050000
4 0.589323 0.684259 0.024479 0.044444
4 0.596875 0.779167 0.027083 0.052778
4 0.644010 0.774074 0.028646 0.050000
4 0.695312 0.768056 0.029167 0.052778
