3 0.521615 0.491204 0.032813 0.045370
3 0.568229 0.484259 0.029167 0.040741
3 0.616927 0.477778 0.026562 0.042593
3 0.656771 0.476389 0.031250 0.060185
3 0.526302 0.555093 0.035937 0.049074
3 0.569010 0.547685 0.032813 0.045370
3 0.614062 0.539815 0.031250 0.050000
3 0.661458 0.537963 0.033333 0.040741
3 0.666667 0.608333 0.033333 0.053704
3 0.620833 0.612963 0.032292 0.046296
3 0.573438 0.611574 0.031250 0.043519
3 0.527604 0.617130 0.032292 0.045370
3 0.534115 0.685185 0.039062 0.057407
3 0.579167 0.681944 0.028125 0.049074
3 0.623437 0.683333 0.031250 0.053704
3 0.670573 0.676852 0.028646 0.042593
3 0.671615 0.735648 0.028646 0.049074
3 0.627865 0.743981 0.028646 0.043519
3 0.582812 0.750463 0.035417 0.050926
3 0.537760 0.760648 0.031771 0.047222
3 0.545573 0.833333 0.027604 0.051852
3 0.583333 0.816667 0.033333 0.053704
3 0.630469 0.811574 0.032813 0.043519
3 0.676302 0.811574 0.031771 0.050926
