0 0.560937 0.693519 0.178125 0.485185
4 0.504687 0.506019 0.028125 0.047222
4 0.555729 0.505093 0.023958 0.041667
4 0.609635 0.503704 0.024479 0.038889
4 0.610938 0.588426 0.026042 0.043519
4 0.613281 0.677778 0.027604 0.048148
4 0.503385 0.590741 0.024479 0.038889
4 0.557292 0.676852 0.025000 0.046296
4 0.557292 0.590741 0.021875 0.040741
4 0.503906 0.678704 0.025521 0.040741
4 0.502865 0.768056 0.024479 0.043519
4 0.558594 0.768519 0.024479 0.044444
4 0.615104 0.769907 0.026042 0.047222
4 0.616667 0.864815 0.026042 0.048148
4 0.559115 0.861574 0.024479 0.047222
4 0.502865 0.860648 0.024479 0.047222
