1 0.499740 0.428704 0.051562 0.062963
1 0.565104 0.411574 0.054167 0.067593
1 0.641146 0.408796 0.066667 0.082407
1 0.638802 0.507870 0.058854 0.082407
1 0.568490 0.512037 0.054688 0.074074
1 0.501823 0.520833 0.050521 0.071296
1 0.505729 0.614815 0.054167 0.070370
1 0.643229 0.604167 0.057292 0.075000
1 0.644271 0.695370 0.058333 0.081481
1 0.648698 0.801389 0.056771 0.082407
1 0.577344 0.705556 0.055729 0.070370
1 0.578906 0.805556 0.051562 0.081481
1 0.504948 0.706481 0.061979 0.083333
1 0.514844 0.808796 0.051562 0.076852
