3 0.504687 0.537963 0.040625 0.050000
3 0.567448 0.531944 0.050521 0.050926
3 0.622917 0.534722 0.038542 0.050926
3 0.622396 0.615278 0.054167 0.056481
3 0.565625 0.611574 0.041667 0.050926
3 0.510417 0.611111 0.053125 0.044444
3 0.510417 0.689352 0.047917 0.050926
3 0.508333 0.784259 0.036458 0.068519
3 0.560417 0.775000 0.047917 0.050000
3 0.618490 0.781944 0.045312 0.056481
3 0.628906 0.876389 0.052604 0.060185
3 0.566146 0.863426 0.048958 0.047222
3 0.507031 0.861574 0.054688 0.050926
3 0.620833 0.707870 0.054167 0.065741
