0 0.608854 0.643056 0.208333 0.475000
4 0.619271 0.506019 0.029167 0.049074
4 0.670052 0.577315 0.033854 0.056481
4 0.625000 0.583333 0.029167 0.048148
4 0.673177 0.660648 0.031771 0.052778
4 0.631250 0.660185 0.032292 0.053704
4 0.590104 0.664352 0.029167 0.049074
4 0.549740 0.670833 0.026562 0.047222
4 0.554948 0.742593 0.027604 0.053704
4 0.593490 0.738889 0.027604 0.051852
4 0.634896 0.736111 0.028125 0.053704
4 0.559115 0.814815 0.027604 0.055556
4 0.598698 0.812500 0.026562 0.052778
2 0.538542 0.521759 0.028125 0.052778
2 0.578906 0.512500 0.029687 0.054630
2 0.544792 0.593981 0.028125 0.052778
2 0.583594 0.589815 0.030729 0.046296
2 0.679688 0.737037 0.030208 0.061111
2 0.640625 0.811574 0.030208 0.058333
2 0.683594 0.818981 0.030729 0.063889
2 0.665625 0.495370 0.035417 0.055556
