3 0.653125 0.490278 0.047917 0.050926
3 0.582292 0.498148 0.052083 0.050000
3 0.519010 0.503241 0.038021 0.047222
3 0.535937 0.831944 0.040625 0.039815
3 0.598698 0.825926 0.043229 0.057407
3 0.657813 0.824074 0.048958 0.046296
3 0.656510 0.746296 0.044271 0.048148
3 0.591146 0.750463 0.048958 0.050926
3 0.531771 0.754630 0.044792 0.046296
3 0.529427 0.677315 0.046354 0.054630
3 0.660417 0.670833 0.047917 0.050926
3 0.532292 0.587037 0.056250 0.050000
3 0.590104 0.583796 0.048958 0.062037
3 0.659375 0.584259 0.047917 0.064815
