0 0.560156 0.626852 0.178646 0.524074
4 0.515104 0.442593 0.065625 0.051852
4 0.600000 0.436574 0.066667 0.052778
4 0.599740 0.515741 0.067187 0.051852
4 0.516927 0.521296 0.065104 0.051852
4 0.600521 0.593056 0.065625 0.050926
4 0.600521 0.669444 0.066667 0.050000
4 0.601562 0.744907 0.065625 0.050926
4 0.602344 0.823148 0.066146 0.057407
4 0.520833 0.822685 0.062500 0.056481
4 0.519792 0.745833 0.061458 0.047222
4 0.518490 0.671759 0.061979 0.045370
4 0.517708 0.594444 0.062500 0.042593
