0 0.596094 0.686574 0.175521 0.456481
4 0.542188 0.553241 0.028125 0.049074
4 0.590104 0.552315 0.029167 0.049074
4 0.638281 0.548148 0.030729 0.046296
4 0.641406 0.632407 0.029687 0.050000
4 0.590885 0.631944 0.030729 0.049074
4 0.543490 0.632870 0.028646 0.050926
4 0.543750 0.713889 0.031250 0.057407
4 0.592969 0.714352 0.029687 0.052778
4 0.643490 0.715741 0.030729 0.053704
4 0.645833 0.801852 0.031250 0.055556
4 0.594531 0.798611 0.030729 0.056481
4 0.545312 0.798611 0.030208 0.056481
