0 0.589323 0.637037 0.238021 0.477778
4 0.532552 0.476852 0.070312 0.061111
4 0.625781 0.462500 0.073438 0.062037
4 0.629167 0.539815 0.070833 0.053704
4 0.631510 0.612500 0.073438 0.060185
4 0.633854 0.682870 0.072917 0.060185
4 0.636458 0.753704 0.069792 0.061111
4 0.640365 0.824537 0.067187 0.054630
4 0.547135 0.825000 0.068229 0.055556
4 0.544010 0.759722 0.066146 0.056481
4 0.541927 0.691667 0.067187 0.051852
4 0.537760 0.620833 0.067187 0.052778
4 0.534115 0.550463 0.066146 0.052778
