3 0.504687 0.495370 0.027083 0.050000
3 0.545833 0.492130 0.028125 0.049074
3 0.589844 0.486574 0.025521 0.050926
3 0.628646 0.480093 0.032292 0.052778
3 0.633333 0.542130 0.031250 0.049074
3 0.637240 0.611574 0.028646 0.050926
3 0.637760 0.681019 0.030729 0.054630
3 0.504167 0.566667 0.031250 0.046296
3 0.548438 0.554167 0.023958 0.047222
3 0.589063 0.552315 0.030208 0.045370
3 0.549479 0.621296 0.030208 0.046296
3 0.504427 0.624537 0.029687 0.039815
3 0.591667 0.614815 0.031250 0.038889
3 0.596094 0.678241 0.029687 0.041667
3 0.552083 0.681481 0.032292 0.048148
3 0.512760 0.684722 0.029687 0.045370
3 0.511979 0.751389 0.031250 0.041667
3 0.515365 0.819444 0.027604 0.050000
3 0.557031 0.748611 0.033854 0.056481
3 0.601823 0.743981 0.029687 0.047222
3 0.555729 0.819444 0.028125 0.055556
3 0.597917 0.811574 0.031250 0.050926
3 0.642188 0.812963 0.031250 0.048148
3 0.640365 0.742130 0.029687 0.047222
