0 0.600260 0.615278 0.191146 0.502778
4 0.636198 0.451389 0.063021 0.050926
4 0.550260 0.466667 0.058854 0.046296
4 0.638281 0.523148 0.063021 0.046296
4 0.641146 0.592593 0.063542 0.046296
4 0.643490 0.660185 0.063021 0.048148
4 0.646354 0.727315 0.062500 0.049074
4 0.648698 0.792593 0.060937 0.050000
4 0.565365 0.797685 0.055729 0.049074
4 0.563281 0.732407 0.055729 0.048148
4 0.559635 0.670370 0.054688 0.040741
4 0.555990 0.602778 0.055729 0.044444
4 0.552604 0.536111 0.056250 0.042593
