0 0.566406 0.667130 0.185938 0.506481
4 0.505469 0.514815 0.038021 0.068519
4 0.557292 0.509722 0.040625 0.069444
4 0.611719 0.506481 0.040104 0.074074
4 0.614062 0.606944 0.039583 0.071296
4 0.558073 0.606481 0.035937 0.066667
4 0.507031 0.608796 0.036979 0.065741
4 0.510417 0.700926 0.042708 0.077778
4 0.562760 0.701852 0.042188 0.077778
4 0.616146 0.709259 0.041667 0.070370
4 0.617969 0.802778 0.047396 0.087037
4 0.563542 0.804167 0.041667 0.069444
4 0.512240 0.794907 0.042188 0.080556
