1 0.532813 0.435185 0.041667 0.074074
1 0.584635 0.426389 0.041146 0.062037
1 0.637760 0.409259 0.048438 0.074074
1 0.591406 0.600000 0.036979 0.068519
1 0.594271 0.691667 0.048958 0.068519
1 0.654167 0.687037 0.039583 0.072222
3 0.643750 0.505556 0.046875 0.072222
3 0.585156 0.515278 0.053646 0.075000
3 0.646875 0.597222 0.048958 0.081481
3 0.664583 0.783796 0.050000 0.087963
3 0.529687 0.533796 0.041667 0.087963
3 0.537760 0.615741 0.044271 0.070370
3 0.542969 0.700463 0.049479 0.087963
3 0.541406 0.793981 0.043229 0.086111
3 0.602865 0.782407 0.049479 0.085185
