0 0.573177 0.645833 0.221354 0.463889
4 0.525260 0.471759 0.070312 0.062037
4 0.618229 0.462037 0.073958 0.062963
4 0.619531 0.537963 0.072396 0.055556
4 0.620052 0.610185 0.073438 0.057407
4 0.621615 0.682407 0.072396 0.059259
4 0.622135 0.753241 0.072396 0.063889
4 0.629687 0.824537 0.082292 0.063889
4 0.527344 0.543519 0.068229 0.055556
4 0.528646 0.615278 0.065625 0.052778
4 0.530208 0.684259 0.065625 0.055556
4 0.535156 0.822685 0.065104 0.062037
4 0.532292 0.758796 0.063542 0.047222
