1 0.500000 0.428704 0.051042 0.064815
1 0.565104 0.412500 0.053125 0.067593
1 0.640885 0.407870 0.065104 0.080556
1 0.638802 0.494907 0.058854 0.071296
1 0.642708 0.605093 0.058333 0.078704
1 0.568750 0.515278 0.054167 0.080556
1 0.501563 0.520370 0.052083 0.070370
1 0.505208 0.616204 0.056250 0.076852
1 0.572656 0.706019 0.056771 0.067593
1 0.644531 0.702315 0.059896 0.069444
1 0.507031 0.706019 0.057813 0.082407
1 0.514844 0.807407 0.051562 0.075926
1 0.578646 0.806019 0.052083 0.082407
1 0.648438 0.799537 0.056250 0.084259
