3 0.522396 0.490741 0.035417 0.053704
3 0.568490 0.485185 0.032813 0.042593
3 0.615885 0.473611 0.036979 0.060185
3 0.655729 0.470370 0.032292 0.055556
3 0.621875 0.540741 0.037500 0.046296
3 0.667188 0.541204 0.029167 0.052778
3 0.664583 0.601389 0.036458 0.049074
3 0.618229 0.609259 0.028125 0.048148
3 0.572656 0.549074 0.030729 0.050000
3 0.573958 0.612037 0.030208 0.053704
3 0.529687 0.556481 0.026042 0.044444
3 0.529948 0.617593 0.035937 0.051852
3 0.533073 0.681481 0.032813 0.048148
3 0.537240 0.752315 0.032813 0.067593
3 0.537500 0.827315 0.035417 0.060185
3 0.583594 0.812963 0.034896 0.042593
3 0.584375 0.747685 0.028125 0.060185
3 0.582031 0.672685 0.025521 0.050926
3 0.626823 0.680093 0.029687 0.050926
3 0.623177 0.746296 0.029687 0.051852
3 0.626042 0.807407 0.025000 0.048148
3 0.671615 0.805093 0.038021 0.060185
3 0.669271 0.739352 0.033333 0.052778
3 0.665885 0.671759 0.038021 0.062037
