0 0.601042 0.599074 0.195833 0.546296
4 0.635417 0.403241 0.071875 0.058333
4 0.548698 0.418519 0.067187 0.057407
4 0.638542 0.485185 0.069792 0.057407
4 0.641146 0.565278 0.069792 0.054630
4 0.645052 0.644444 0.069271 0.051852
4 0.647135 0.723148 0.069271 0.053704
4 0.650000 0.800463 0.068750 0.054630
4 0.565625 0.805093 0.063542 0.056481
4 0.561979 0.727778 0.064583 0.053704
4 0.558594 0.652315 0.064062 0.050926
4 0.556250 0.575463 0.065625 0.054630
4 0.552604 0.498148 0.067708 0.055556
