0 0.559896 0.619907 0.207292 0.565741
4 0.564323 0.413889 0.025521 0.048148
4 0.628646 0.455556 0.026042 0.044444
4 0.583073 0.479167 0.033854 0.054630
4 0.544010 0.512500 0.024479 0.043519
4 0.608073 0.551389 0.024479 0.045370
4 0.565625 0.581481 0.026042 0.040741
4 0.587760 0.647222 0.025521 0.042593
4 0.524219 0.607870 0.025521 0.047222
4 0.546615 0.675463 0.025521 0.043519
4 0.568490 0.741204 0.025521 0.043519
4 0.505208 0.700926 0.026042 0.046296
4 0.527604 0.768056 0.026042 0.045370
4 0.486979 0.794907 0.025000 0.043519
4 0.549740 0.834259 0.025521 0.042593
