3 0.509896 0.477778 0.036458 0.048148
3 0.567708 0.460648 0.037500 0.075000
3 0.622917 0.464815 0.038542 0.072222
3 0.626042 0.540741 0.037500 0.050000
3 0.569531 0.553704 0.033854 0.062963
3 0.514583 0.553704 0.033333 0.057407
3 0.515625 0.650000 0.040625 0.059259
3 0.573177 0.644444 0.034896 0.050000
3 0.631510 0.637500 0.044271 0.069444
3 0.631771 0.728704 0.043750 0.068519
3 0.641146 0.818519 0.035417 0.075926
3 0.581250 0.818981 0.041667 0.069444
3 0.575521 0.739352 0.035417 0.060185
3 0.524219 0.738426 0.042188 0.069444
3 0.526042 0.823611 0.042708 0.060185
