0 0.566927 0.614815 0.170313 0.596296
4 0.503385 0.393056 0.022396 0.034259
4 0.539844 0.390741 0.023438 0.038889
4 0.575260 0.387963 0.023438 0.040741
4 0.612240 0.384259 0.024479 0.040741
4 0.613021 0.445833 0.023958 0.037963
4 0.576562 0.447222 0.022917 0.038889
4 0.540104 0.450463 0.021875 0.037963
4 0.504427 0.453241 0.022396 0.034259
4 0.506250 0.512500 0.022917 0.036111
4 0.541146 0.511111 0.020833 0.037037
4 0.577604 0.507870 0.021875 0.037963
4 0.615625 0.505556 0.022917 0.037037
4 0.616406 0.568056 0.022396 0.039815
4 0.579427 0.569907 0.024479 0.039815
4 0.541927 0.571759 0.023438 0.037963
4 0.505990 0.573148 0.022396 0.037037
4 0.506510 0.634722 0.022396 0.039815
4 0.542969 0.632407 0.021354 0.038889
4 0.580208 0.632407 0.022917 0.042593
4 0.617969 0.631019 0.023438 0.041667
4 0.619271 0.694444 0.023958 0.042593
4 0.581250 0.695833 0.022917 0.043519
4 0.543490 0.697222 0.022396 0.040741
4 0.506771 0.697685 0.021875 0.039815
4 0.506510 0.762037 0.022396 0.042593
4 0.544531 0.761111 0.023438 0.042593
4 0.582812 0.761574 0.022917 0.043519
4 0.621875 0.760648 0.023958 0.043519
4 0.604167 0.828704 0.023958 0.046296
4 0.526302 0.828704 0.022396 0.044444
