0 0.588021 0.633796 0.193750 0.519444
4 0.539323 0.458796 0.071354 0.054630
4 0.622656 0.446759 0.071354 0.054630
4 0.541146 0.527315 0.070833 0.050926
4 0.625781 0.519907 0.070312 0.049074
4 0.628646 0.591667 0.071875 0.048148
4 0.631510 0.664815 0.070312 0.046296
4 0.633333 0.735648 0.072917 0.050926
4 0.636979 0.811574 0.072917 0.049074
4 0.547656 0.810185 0.070312 0.053704
4 0.545573 0.737963 0.068229 0.051852
4 0.543490 0.657407 0.076563 0.070370
4 0.542448 0.595833 0.070312 0.052778
