0 0.566927 0.662037 0.180729 0.440741
4 0.523698 0.494907 0.057813 0.045370
4 0.524740 0.559259 0.057813 0.044444
4 0.604688 0.487963 0.059375 0.044444
4 0.603906 0.559259 0.057813 0.037037
4 0.605729 0.617130 0.060417 0.045370
4 0.605990 0.683333 0.059896 0.046296
4 0.606771 0.749074 0.056250 0.042593
4 0.606771 0.813426 0.061458 0.047222
4 0.527344 0.812037 0.056771 0.044444
4 0.526302 0.750926 0.053646 0.037037
4 0.524740 0.687037 0.055729 0.038889
4 0.526042 0.624537 0.058333 0.039815
