3 0.533333 0.521296 0.037500 0.050000
3 0.579167 0.512037 0.033333 0.055556
3 0.629687 0.500926 0.035417 0.050000
3 0.586198 0.587500 0.038021 0.062037
3 0.589844 0.666204 0.030729 0.052778
3 0.641406 0.664352 0.032813 0.067593
3 0.539844 0.666667 0.033854 0.062963
3 0.540104 0.589815 0.034375 0.051852
3 0.635677 0.578704 0.036979 0.053704
3 0.544010 0.748148 0.035937 0.066667
3 0.591667 0.743519 0.036458 0.061111
3 0.644531 0.740741 0.043229 0.057407
3 0.649740 0.824537 0.039062 0.065741
3 0.597917 0.825463 0.037500 0.062037
3 0.547656 0.821296 0.041146 0.055556
