0 0.549219 0.706944 0.169271 0.463889
4 0.498177 0.569444 0.025521 0.044444
4 0.542188 0.568519 0.026042 0.046296
4 0.586979 0.566667 0.025000 0.044444
4 0.501302 0.657870 0.031771 0.047222
4 0.542969 0.656944 0.024479 0.045370
4 0.587500 0.657407 0.029167 0.046296
4 0.500521 0.748611 0.031250 0.050926
4 0.544271 0.751389 0.028125 0.050926
4 0.591146 0.750000 0.031250 0.051852
4 0.596354 0.847685 0.037500 0.056481
4 0.545312 0.846759 0.027083 0.054630
4 0.498698 0.847222 0.029687 0.053704
