3 0.623698 0.389815 0.086979 0.068519
3 0.535937 0.408796 0.081250 0.062037
3 0.542708 0.477778 0.082292 0.061111
3 0.630208 0.463889 0.079167 0.055556
3 0.636719 0.610648 0.082812 0.071296
3 0.644531 0.686574 0.090104 0.060185
3 0.649219 0.758796 0.080729 0.056481
3 0.658594 0.825463 0.086979 0.056481
3 0.565104 0.824537 0.075000 0.062037
3 0.563802 0.761111 0.076563 0.064815
3 0.556250 0.687963 0.075000 0.064815
1 0.545833 0.548148 0.081250 0.062963
1 0.552083 0.623611 0.076042 0.063889
1 0.634115 0.532870 0.082812 0.056481
