0 0.582552 0.650000 0.191146 0.457407
4 0.536719 0.511111 0.061979 0.048148
4 0.619792 0.500926 0.062500 0.048148
4 0.620573 0.568981 0.064062 0.049074
4 0.622656 0.636574 0.061979 0.047222
4 0.623437 0.702778 0.062500 0.048148
4 0.625000 0.768056 0.063542 0.050926
4 0.628385 0.834259 0.057813 0.048148
4 0.548438 0.834259 0.057292 0.048148
4 0.544271 0.770833 0.057292 0.047222
4 0.542188 0.706019 0.057292 0.047222
4 0.541146 0.642593 0.061458 0.046296
4 0.539323 0.576389 0.058854 0.047222
