0 0.598958 0.623148 0.204167 0.488889
4 0.529167 0.490278 0.039583 0.069444
4 0.580729 0.481019 0.041667 0.073148
4 0.638802 0.469444 0.045312 0.079630
4 0.536198 0.586111 0.044271 0.075926
4 0.588802 0.578241 0.045312 0.076852
4 0.645052 0.572685 0.047396 0.078704
4 0.650260 0.672685 0.048438 0.084259
4 0.593490 0.675463 0.043229 0.080556
4 0.542448 0.679630 0.044271 0.077778
4 0.546615 0.774074 0.039062 0.077778
4 0.600260 0.773611 0.044271 0.084259
4 0.656250 0.775000 0.047917 0.087037
