3 0.525000 0.496296 0.043750 0.068519
3 0.583333 0.480093 0.047917 0.060185
3 0.638021 0.475463 0.054167 0.041667
3 0.644010 0.559722 0.054688 0.056481
3 0.647917 0.648611 0.056250 0.056481
3 0.657031 0.744907 0.049479 0.056481
3 0.656250 0.826852 0.051042 0.053704
3 0.595313 0.836574 0.058333 0.062037
3 0.534375 0.831944 0.052083 0.060185
3 0.532813 0.749537 0.048958 0.060185
3 0.593750 0.745370 0.048958 0.062963
3 0.584896 0.563889 0.056250 0.053704
3 0.530729 0.659259 0.047917 0.064815
3 0.525521 0.574074 0.046875 0.048148
