0 0.584635 0.682870 0.194271 0.445370
4 0.518490 0.521296 0.031771 0.051852
4 0.580729 0.525463 0.032292 0.047222
4 0.649479 0.512963 0.040625 0.042593
4 0.646094 0.682407 0.030729 0.044444
4 0.655990 0.858796 0.029687 0.037963
4 0.590365 0.856944 0.030729 0.039815
4 0.587500 0.772685 0.031250 0.043519
4 0.523177 0.689352 0.031771 0.043519
2 0.520573 0.606944 0.033854 0.045370
2 0.583333 0.600463 0.031250 0.043519
2 0.645312 0.596296 0.032292 0.044444
2 0.650521 0.768056 0.030208 0.041667
2 0.526042 0.774074 0.031250 0.035185
2 0.529427 0.860648 0.031771 0.049074
