3 0.636198 0.375000 0.076563 0.061111
3 0.543229 0.384722 0.089583 0.075000
3 0.639323 0.448148 0.074479 0.051852
3 0.643229 0.528241 0.084375 0.063889
3 0.645312 0.603241 0.080208 0.062037
3 0.647396 0.677778 0.090625 0.066667
3 0.658594 0.756019 0.082812 0.056481
3 0.669531 0.816667 0.084896 0.061111
3 0.567969 0.821759 0.078646 0.056481
3 0.564583 0.764352 0.077083 0.060185
3 0.556250 0.677778 0.066667 0.057407
3 0.553125 0.607407 0.086458 0.070370
3 0.550000 0.532407 0.094792 0.068519
3 0.545052 0.458333 0.094271 0.061111
