1 0.548958 0.552778 0.073958 0.057407
1 0.635417 0.536574 0.076042 0.054630
1 0.553906 0.622685 0.084896 0.058333
3 0.539583 0.405556 0.079167 0.062963
3 0.624219 0.385185 0.082812 0.061111
3 0.627604 0.461111 0.087500 0.064815
3 0.538542 0.481019 0.081250 0.063889
3 0.636458 0.610648 0.078125 0.060185
3 0.642708 0.681019 0.085417 0.065741
3 0.552604 0.690741 0.078125 0.066667
3 0.557031 0.770370 0.081771 0.068519
3 0.650000 0.755093 0.078125 0.056481
3 0.564583 0.827315 0.075000 0.050926
3 0.652604 0.817593 0.068750 0.068519
