3 0.563542 0.466204 0.037500 0.056481
3 0.619271 0.454630 0.038542 0.061111
3 0.626563 0.543519 0.036458 0.050000
3 0.631250 0.637037 0.031250 0.061111
3 0.635417 0.725463 0.033333 0.054630
3 0.641406 0.820833 0.029687 0.060185
3 0.580729 0.825463 0.037500 0.067593
3 0.580208 0.736574 0.038542 0.060185
3 0.572917 0.637963 0.036458 0.062963
3 0.568229 0.551389 0.034375 0.050926
3 0.512760 0.478704 0.035937 0.066667
3 0.509635 0.560185 0.036979 0.066667
3 0.520052 0.647685 0.034896 0.052778
3 0.525521 0.734722 0.030208 0.058333
3 0.526823 0.822685 0.030729 0.052778
