0 0.594271 0.647222 0.202083 0.438889
4 0.527083 0.498148 0.038542 0.037037
4 0.584896 0.485648 0.041667 0.041667
4 0.647656 0.476389 0.043229 0.037963
4 0.651302 0.562037 0.041146 0.040741
4 0.652865 0.646759 0.042188 0.043519
4 0.656771 0.730556 0.042708 0.044444
4 0.659635 0.807870 0.042188 0.045370
4 0.601823 0.812500 0.039062 0.039815
4 0.597135 0.731481 0.040104 0.042593
4 0.589583 0.569907 0.040625 0.039815
4 0.530990 0.581019 0.038021 0.037963
4 0.536719 0.658796 0.040104 0.041667
4 0.541146 0.742130 0.038542 0.049074
4 0.545573 0.814352 0.036979 0.041667
