0 0.560937 0.628241 0.191667 0.497222
4 0.595833 0.456944 0.075000 0.058333
4 0.509896 0.461574 0.072917 0.052778
4 0.512500 0.533333 0.068750 0.051852
4 0.599479 0.529167 0.077083 0.052778
4 0.598698 0.600000 0.075521 0.053704
4 0.600000 0.670370 0.073958 0.055556
4 0.600781 0.740278 0.071354 0.056481
4 0.601042 0.809722 0.071875 0.054630
4 0.519531 0.809722 0.069271 0.065741
4 0.516927 0.740278 0.070312 0.056481
4 0.514844 0.672685 0.069271 0.056481
4 0.513802 0.602778 0.069271 0.053704
