3 0.551042 0.500926 0.029167 0.055556
3 0.605990 0.500926 0.034896 0.059259
3 0.605208 0.590278 0.033333 0.067593
3 0.609635 0.685648 0.039062 0.063889
3 0.611719 0.776852 0.034896 0.057407
3 0.612500 0.868056 0.034375 0.073148
3 0.551042 0.858796 0.040625 0.065741
3 0.497656 0.849074 0.039062 0.064815
3 0.500781 0.758796 0.031771 0.062037
3 0.497396 0.680556 0.031250 0.064815
3 0.496094 0.585185 0.038021 0.064815
3 0.498437 0.501389 0.037500 0.065741
3 0.552865 0.586574 0.039062 0.063889
3 0.548958 0.673148 0.040625 0.068519
3 0.550000 0.774074 0.041667 0.075926
