3 0.522396 0.489815 0.039583 0.055556
3 0.571875 0.482870 0.030208 0.049074
3 0.616927 0.472222 0.039062 0.061111
3 0.659115 0.473611 0.030729 0.056481
3 0.529687 0.550463 0.033333 0.054630
3 0.572656 0.547222 0.033854 0.046296
3 0.616927 0.540278 0.035937 0.049074
3 0.664844 0.533333 0.035937 0.048148
3 0.666146 0.601389 0.040625 0.058333
3 0.619010 0.611574 0.040104 0.054630
3 0.575000 0.616204 0.028125 0.049074
3 0.530990 0.615278 0.035937 0.050926
3 0.536458 0.681944 0.031250 0.054630
3 0.537760 0.756019 0.028646 0.063889
3 0.538281 0.826389 0.031771 0.056481
3 0.585156 0.818519 0.028646 0.051852
3 0.583333 0.745833 0.022917 0.054630
3 0.579948 0.679630 0.024479 0.048148
3 0.625260 0.684722 0.031771 0.054630
3 0.625260 0.747222 0.031771 0.051852
3 0.628906 0.813889 0.030729 0.050000
3 0.672135 0.805556 0.031771 0.051852
3 0.667708 0.737500 0.033333 0.043519
3 0.666667 0.675000 0.032292 0.055556
