0 0.580469 0.615741 0.246354 0.600000
2 0.499479 0.420833 0.054167 0.067593
2 0.566146 0.411574 0.052083 0.071296
2 0.637500 0.400000 0.058333 0.070370
2 0.641146 0.501389 0.056250 0.071296
2 0.645833 0.601389 0.057292 0.065741
2 0.649740 0.703704 0.053646 0.064815
2 0.657292 0.806481 0.058333 0.070370
2 0.585156 0.811574 0.055729 0.067593
2 0.580208 0.707870 0.055208 0.071296
2 0.511458 0.713426 0.051042 0.067593
2 0.515885 0.816667 0.054688 0.066667
2 0.507292 0.616667 0.051042 0.066667
2 0.505208 0.518519 0.054167 0.068519
2 0.570573 0.509722 0.053646 0.067593
