3 0.622135 0.368519 0.028646 0.050000
3 0.626302 0.437963 0.033854 0.053704
3 0.627865 0.507870 0.029687 0.054630
3 0.627604 0.572685 0.028125 0.049074
3 0.583073 0.372685 0.033854 0.049074
3 0.588542 0.440741 0.030208 0.055556
3 0.585156 0.502778 0.033854 0.050000
3 0.584896 0.568981 0.033333 0.047222
3 0.547135 0.372685 0.031771 0.058333
3 0.546094 0.439815 0.028646 0.042593
3 0.545052 0.503241 0.029687 0.045370
3 0.544531 0.566204 0.033854 0.054630
3 0.504948 0.377778 0.029687 0.050000
3 0.508854 0.446759 0.032292 0.058333
3 0.508333 0.512963 0.030208 0.046296
3 0.507031 0.577778 0.028646 0.051852
3 0.508854 0.642130 0.032292 0.049074
3 0.546875 0.641204 0.028125 0.049074
3 0.588281 0.636574 0.027604 0.052778
3 0.627083 0.634259 0.031250 0.055556
3 0.512500 0.700000 0.031250 0.046296
3 0.550260 0.700926 0.036979 0.055556
3 0.591667 0.704630 0.028125 0.055556
3 0.630469 0.700926 0.029687 0.050000
3 0.506771 0.762037 0.035417 0.051852
3 0.549740 0.763889 0.035937 0.055556
3 0.591927 0.761574 0.035937 0.043519
3 0.633073 0.761111 0.034896 0.048148
3 0.532292 0.822685 0.031250 0.050926
3 0.602604 0.822685 0.034375 0.058333
