0 0.535417 0.689352 0.182292 0.449074
4 0.471875 0.547222 0.019792 0.037037
4 0.511198 0.545833 0.019271 0.034259
4 0.555469 0.543981 0.026562 0.034259
4 0.594010 0.541667 0.022396 0.038889
4 0.512760 0.607407 0.020313 0.037037
4 0.473958 0.609259 0.016667 0.033333
4 0.553125 0.607407 0.020833 0.037037
4 0.595052 0.607870 0.021354 0.036111
4 0.596094 0.673611 0.021354 0.037963
4 0.554427 0.669907 0.019271 0.036111
4 0.514062 0.668519 0.019792 0.035185
4 0.475000 0.669444 0.018750 0.033333
4 0.476302 0.730093 0.020313 0.036111
4 0.516146 0.729630 0.020833 0.037037
4 0.555990 0.732407 0.018229 0.035185
4 0.597135 0.738426 0.020313 0.036111
4 0.597656 0.801852 0.020313 0.037037
4 0.556510 0.793519 0.020313 0.038889
4 0.516667 0.789352 0.015625 0.028704
4 0.478906 0.789815 0.022396 0.035185
4 0.478906 0.848611 0.019271 0.036111
4 0.518229 0.848148 0.019792 0.042593
4 0.557813 0.858333 0.022917 0.053704
4 0.601562 0.863426 0.026042 0.043519
