0 0.573958 0.651852 0.177083 0.505556
4 0.607292 0.447685 0.066667 0.049074
4 0.606510 0.518981 0.064062 0.045370
4 0.609115 0.590741 0.066146 0.046296
4 0.610417 0.664352 0.066667 0.047222
4 0.611979 0.739352 0.067708 0.049074
4 0.613802 0.817130 0.068229 0.049074
4 0.531771 0.815278 0.063542 0.049074
4 0.530469 0.740278 0.061979 0.047222
4 0.529948 0.593981 0.059896 0.043519
4 0.530729 0.666667 0.061458 0.044444
4 0.528906 0.525463 0.060937 0.045370
4 0.526823 0.454167 0.058854 0.047222
