3 0.518750 0.533796 0.041667 0.045370
3 0.576302 0.523148 0.043229 0.046296
3 0.629167 0.513426 0.038542 0.050926
3 0.524219 0.691204 0.040104 0.056481
3 0.534115 0.845833 0.035937 0.054630
3 0.595052 0.845370 0.042188 0.051852
3 0.593490 0.771296 0.038021 0.050000
3 0.648958 0.679630 0.041667 0.042593
1 0.520573 0.612037 0.045312 0.046296
1 0.529427 0.783333 0.043229 0.048148
1 0.657552 0.848148 0.044271 0.061111
1 0.655208 0.765741 0.043750 0.044444
1 0.644010 0.596296 0.046354 0.050000
1 0.581771 0.601389 0.042708 0.043519
