0 0.575781 0.613426 0.221354 0.580556
4 0.493229 0.396759 0.031250 0.052778
4 0.536979 0.390278 0.031250 0.052778
4 0.583594 0.381944 0.032813 0.056481
4 0.638281 0.372685 0.047396 0.065741
4 0.494531 0.478241 0.028646 0.052778
4 0.539844 0.473148 0.031771 0.053704
4 0.586198 0.466204 0.031771 0.056481
4 0.636458 0.459259 0.033333 0.057407
4 0.639062 0.548611 0.034375 0.058333
4 0.642188 0.637963 0.035417 0.057407
4 0.643229 0.725926 0.033333 0.061111
4 0.646875 0.809722 0.036458 0.071296
4 0.597135 0.806944 0.032813 0.060185
4 0.594010 0.723611 0.031771 0.056481
4 0.592708 0.638426 0.032292 0.056481
4 0.589063 0.552315 0.033333 0.056481
4 0.542448 0.557407 0.029687 0.053704
4 0.497656 0.560185 0.028646 0.051852
4 0.499740 0.643056 0.030729 0.052778
4 0.545052 0.639815 0.030729 0.055556
4 0.547396 0.721759 0.030208 0.054630
4 0.550000 0.800463 0.033333 0.065741
4 0.505469 0.802315 0.029687 0.058333
4 0.502865 0.722685 0.030729 0.054630
