0 0.541927 0.618981 0.145313 0.582407
4 0.501302 0.478241 0.031771 0.049074
4 0.508073 0.643056 0.026562 0.049074
4 0.570312 0.645370 0.023958 0.044444
4 0.509896 0.722685 0.023958 0.045370
4 0.573438 0.729167 0.025000 0.045370
4 0.512500 0.804630 0.023958 0.040741
2 0.499479 0.397222 0.025000 0.048148
2 0.564583 0.384259 0.026042 0.050000
2 0.566667 0.476389 0.031250 0.049074
2 0.504948 0.561574 0.026562 0.050926
2 0.568750 0.555093 0.033333 0.050926
2 0.576823 0.809722 0.027604 0.052778
