0 0.545573 0.689352 0.176563 0.456481
2 0.483073 0.553704 0.027604 0.048148
2 0.521875 0.549537 0.028125 0.052778
2 0.558594 0.550000 0.026562 0.048148
2 0.601302 0.549537 0.031771 0.050926
2 0.605469 0.863426 0.028646 0.062037
2 0.566667 0.852778 0.034375 0.057407
2 0.529948 0.847222 0.033854 0.055556
2 0.488802 0.843519 0.026562 0.057407
4 0.486458 0.775926 0.026042 0.044444
4 0.523698 0.776852 0.025521 0.046296
4 0.563542 0.781019 0.029167 0.050926
4 0.605469 0.788889 0.032813 0.053704
4 0.601823 0.709722 0.026562 0.050926
4 0.562240 0.701389 0.028646 0.056481
4 0.602865 0.629167 0.033854 0.052778
4 0.560677 0.626852 0.027604 0.048148
4 0.521354 0.627315 0.025000 0.045370
4 0.524479 0.700463 0.028125 0.049074
4 0.484635 0.700463 0.025521 0.045370
4 0.483333 0.627778 0.025000 0.044444
