3 0.532031 0.441204 0.052604 0.087963
3 0.590104 0.434722 0.039583 0.069444
3 0.643229 0.434722 0.044792 0.082407
3 0.646094 0.523611 0.046354 0.069444
3 0.646354 0.619907 0.046875 0.071296
3 0.652604 0.714352 0.046875 0.076852
3 0.653646 0.811111 0.055208 0.083333
3 0.592708 0.812037 0.048958 0.070370
3 0.542708 0.811574 0.046875 0.071296
3 0.538021 0.717130 0.043750 0.078704
3 0.595313 0.716204 0.043750 0.067593
3 0.593229 0.621296 0.043750 0.072222
3 0.534375 0.620833 0.055208 0.069444
3 0.532552 0.536574 0.048438 0.073148
3 0.592448 0.524537 0.050521 0.071296
