3 0.519792 0.514815 0.032292 0.062963
3 0.521615 0.583796 0.033854 0.045370
3 0.525260 0.643519 0.033854 0.048148
3 0.529687 0.704167 0.031250 0.045370
3 0.534115 0.768056 0.030729 0.062037
3 0.535937 0.826389 0.027083 0.041667
3 0.576302 0.825926 0.026562 0.046296
3 0.617448 0.824537 0.025521 0.045370
3 0.661979 0.824074 0.033333 0.046296
3 0.575521 0.767130 0.030208 0.039815
3 0.613021 0.766667 0.026042 0.044444
3 0.658594 0.766667 0.033854 0.044444
3 0.569010 0.699537 0.031771 0.045370
3 0.611458 0.699074 0.025000 0.051852
3 0.609896 0.633333 0.021875 0.048148
3 0.568229 0.641667 0.029167 0.046296
3 0.564063 0.578241 0.027083 0.043519
3 0.560937 0.512963 0.029167 0.055556
3 0.604948 0.507870 0.023438 0.049074
3 0.607031 0.568981 0.027604 0.047222
3 0.653385 0.500463 0.027604 0.049074
3 0.650260 0.559722 0.026562 0.043519
3 0.657292 0.638889 0.029167 0.048148
3 0.657552 0.699074 0.031771 0.050000
