0 0.622396 0.643981 0.201042 0.476852
4 0.554688 0.519907 0.033333 0.034259
4 0.608854 0.512963 0.034375 0.035185
4 0.666406 0.505556 0.038021 0.037037
4 0.672135 0.609259 0.041146 0.040741
4 0.675521 0.713426 0.038542 0.037963
4 0.679167 0.813889 0.038542 0.042593
4 0.620833 0.808796 0.037500 0.039815
4 0.617188 0.711111 0.035417 0.037037
4 0.613021 0.610648 0.035417 0.036111
4 0.560156 0.616667 0.033854 0.035185
4 0.563281 0.712037 0.033854 0.035185
4 0.567448 0.807870 0.033854 0.039815
