3 0.637500 0.371296 0.082292 0.068519
3 0.640104 0.454630 0.077083 0.061111
3 0.645573 0.528241 0.090104 0.058333
3 0.646615 0.604630 0.088021 0.064815
3 0.650521 0.682870 0.086458 0.071296
3 0.658594 0.757870 0.080729 0.056481
3 0.656771 0.825463 0.073958 0.063889
3 0.548177 0.392130 0.083854 0.060185
3 0.549740 0.466667 0.080729 0.068519
3 0.547656 0.538426 0.085938 0.065741
3 0.550000 0.611574 0.084375 0.062037
3 0.553906 0.683333 0.079687 0.070370
3 0.558333 0.762963 0.073958 0.059259
3 0.567187 0.828241 0.075000 0.049074
