3 0.520573 0.504167 0.042188 0.054630
3 0.584896 0.494444 0.046875 0.046296
3 0.653125 0.486111 0.044792 0.048148
3 0.526302 0.672685 0.046354 0.045370
3 0.526563 0.591204 0.045833 0.058333
3 0.589063 0.582407 0.050000 0.070370
3 0.657813 0.576389 0.047917 0.054630
3 0.657031 0.661574 0.045312 0.062037
3 0.659375 0.747222 0.036458 0.053704
3 0.658073 0.823611 0.036979 0.045370
3 0.594271 0.830556 0.043750 0.038889
3 0.532292 0.825926 0.053125 0.040741
3 0.530208 0.759722 0.039583 0.037963
3 0.593750 0.755093 0.053125 0.041667
