0 0.565104 0.625463 0.207292 0.560185
4 0.487500 0.438426 0.030208 0.052778
4 0.533333 0.434259 0.029167 0.053704
4 0.581250 0.430093 0.032292 0.054630
4 0.631250 0.424074 0.032292 0.055556
4 0.632031 0.512037 0.031771 0.055556
4 0.582812 0.515741 0.031250 0.055556
4 0.535417 0.518981 0.028125 0.050926
4 0.489583 0.521296 0.030208 0.053704
4 0.490625 0.604167 0.030208 0.052778
4 0.537240 0.603241 0.029687 0.052778
4 0.584375 0.600926 0.030208 0.053704
4 0.633854 0.601852 0.032292 0.053704
4 0.635156 0.687963 0.031771 0.055556
4 0.585677 0.686574 0.031771 0.056481
4 0.491927 0.685648 0.028646 0.052778
4 0.493750 0.764815 0.030208 0.051852
4 0.495833 0.848148 0.029167 0.057407
4 0.539844 0.769907 0.028646 0.052778
4 0.586979 0.771296 0.031250 0.055556
4 0.541927 0.850000 0.030729 0.059259
4 0.589063 0.854630 0.031250 0.061111
4 0.637760 0.857407 0.031771 0.062963
4 0.636979 0.775926 0.031250 0.059259
4 0.538802 0.686111 0.031771 0.055556
