0 0.597135 0.673148 0.193229 0.453704
4 0.531771 0.522685 0.030208 0.052778
4 0.583854 0.513426 0.031250 0.054630
4 0.639062 0.507870 0.035417 0.056481
4 0.643229 0.605556 0.033333 0.057407
4 0.647396 0.703704 0.033333 0.061111
4 0.654427 0.808333 0.034896 0.064815
4 0.595833 0.807407 0.034375 0.062963
4 0.592969 0.706944 0.034896 0.060185
4 0.587240 0.609259 0.030729 0.055556
4 0.534896 0.614815 0.031250 0.055556
4 0.537760 0.709259 0.030729 0.059259
4 0.540365 0.809259 0.031771 0.061111
