3 0.623177 0.502778 0.043229 0.053704
3 0.574740 0.504630 0.039062 0.051852
3 0.527083 0.503704 0.039583 0.048148
3 0.522917 0.582870 0.036458 0.054630
3 0.527344 0.663889 0.038021 0.062963
3 0.529948 0.745370 0.039062 0.064815
3 0.527344 0.824074 0.039062 0.064815
3 0.571875 0.574537 0.039583 0.062037
3 0.575781 0.653241 0.041146 0.060185
3 0.577083 0.737500 0.036458 0.065741
3 0.576823 0.814815 0.039062 0.064815
3 0.623958 0.575463 0.039583 0.062037
3 0.625260 0.657407 0.038021 0.059259
3 0.624219 0.738889 0.038021 0.059259
3 0.632812 0.820370 0.030208 0.061111
