3 0.494271 0.437037 0.037500 0.066667
3 0.564063 0.432870 0.041667 0.075000
3 0.528125 0.483796 0.031250 0.060185
3 0.494010 0.542130 0.029687 0.060185
3 0.529687 0.586574 0.032292 0.050926
3 0.568490 0.533796 0.029687 0.069444
3 0.495312 0.645370 0.035417 0.057407
3 0.567187 0.646296 0.040625 0.053704
3 0.534115 0.696296 0.033854 0.048148
3 0.496615 0.745833 0.033854 0.047222
3 0.575260 0.742593 0.029687 0.059259
3 0.534896 0.794444 0.032292 0.053704
3 0.498698 0.836574 0.031771 0.043519
3 0.570833 0.849074 0.040625 0.050000
