0 0.613802 0.660648 0.215104 0.484259
4 0.534896 0.517130 0.023958 0.039815
4 0.576823 0.512500 0.027604 0.045370
4 0.616406 0.504630 0.022396 0.040741
4 0.659635 0.496296 0.025521 0.042593
4 0.664062 0.562500 0.023958 0.041667
4 0.667708 0.629167 0.023958 0.039815
4 0.671354 0.695370 0.023958 0.040741
4 0.674740 0.763426 0.025521 0.041667
4 0.678906 0.835185 0.024479 0.046296
4 0.632812 0.831944 0.022917 0.039815
4 0.629948 0.764815 0.022396 0.038889
4 0.626302 0.698148 0.022396 0.038889
4 0.623437 0.634259 0.023958 0.038889
4 0.619531 0.568056 0.022396 0.037963
4 0.576823 0.573611 0.022396 0.037963
4 0.580469 0.637500 0.021354 0.036111
4 0.583594 0.701852 0.020313 0.037037
4 0.586719 0.767130 0.021354 0.037963
4 0.590104 0.833333 0.021875 0.038889
4 0.547135 0.837037 0.020313 0.040741
4 0.544792 0.772222 0.020833 0.038889
4 0.541927 0.706944 0.021354 0.039815
4 0.538802 0.642593 0.021354 0.037037
4 0.536198 0.579167 0.021354 0.037963
