0 0.581250 0.613426 0.250000 0.597222
2 0.499740 0.420370 0.054688 0.068519
2 0.565365 0.410185 0.051562 0.068519
2 0.637240 0.400463 0.056771 0.067593
2 0.640885 0.501389 0.055729 0.069444
2 0.645833 0.600463 0.055208 0.062037
2 0.649219 0.703241 0.053646 0.063889
2 0.657552 0.805556 0.053646 0.066667
2 0.584375 0.811111 0.054167 0.066667
2 0.579948 0.708796 0.054688 0.067593
2 0.571094 0.510648 0.052604 0.065741
2 0.505208 0.518519 0.054167 0.061111
2 0.510938 0.713889 0.044792 0.062963
2 0.515104 0.816667 0.055208 0.064815
2 0.507292 0.616204 0.052083 0.067593
