0 0.581250 0.653704 0.228125 0.483333
4 0.528646 0.478241 0.070833 0.058333
4 0.618490 0.471296 0.069271 0.055556
4 0.619531 0.543519 0.072396 0.053704
4 0.620573 0.615741 0.073438 0.055556
4 0.624219 0.687963 0.070312 0.055556
4 0.626563 0.760648 0.069792 0.058333
4 0.630990 0.835648 0.068229 0.050926
4 0.537760 0.837500 0.068229 0.062037
4 0.535677 0.765278 0.068229 0.060185
4 0.534375 0.698148 0.065625 0.048148
4 0.531250 0.624074 0.068750 0.055556
4 0.529687 0.551852 0.068750 0.053704
