0 0.620313 0.617130 0.203125 0.510185
4 0.548958 0.477778 0.026042 0.118519
4 0.586198 0.470833 0.028646 0.121296
4 0.628385 0.462500 0.035937 0.128704
4 0.673177 0.454630 0.038021 0.133333
4 0.678125 0.615741 0.029167 0.124074
4 0.686979 0.769907 0.035417 0.126852
4 0.641667 0.766204 0.029167 0.123148
4 0.635677 0.619444 0.027604 0.120370
4 0.593490 0.620370 0.027604 0.122222
4 0.599479 0.768056 0.031250 0.123148
4 0.560677 0.773611 0.026562 0.119444
4 0.554427 0.624537 0.026562 0.123148
