3 0.559896 0.592593 0.033333 0.053704
1 0.558333 0.533333 0.033333 0.053704
1 0.568229 0.666204 0.032292 0.062037
1 0.570052 0.740278 0.026562 0.060185
1 0.573177 0.812963 0.042188 0.050000
1 0.656250 0.662963 0.035417 0.059259
1 0.669271 0.806481 0.045833 0.068519
1 0.615885 0.769907 0.040104 0.071296
1 0.607812 0.627315 0.037500 0.056481
3 0.603385 0.562037 0.039062 0.050000
3 0.652344 0.526852 0.036979 0.053704
3 0.658073 0.594444 0.042188 0.053704
3 0.660677 0.730556 0.036979 0.048148
3 0.609115 0.705556 0.034896 0.046296
