0 0.562760 0.700926 0.178646 0.446296
4 0.564323 0.535648 0.039062 0.043519
4 0.624219 0.540278 0.036979 0.045370
4 0.621354 0.622685 0.030208 0.041667
4 0.623698 0.705093 0.030729 0.039815
4 0.624740 0.788426 0.029687 0.036111
4 0.627083 0.877778 0.030208 0.040741
4 0.563281 0.872685 0.032813 0.043519
4 0.563802 0.787037 0.032813 0.042593
4 0.561198 0.619907 0.028646 0.041667
4 0.501823 0.620370 0.025521 0.035185
4 0.502604 0.701389 0.030208 0.037963
4 0.502865 0.781944 0.029687 0.041667
4 0.502604 0.870833 0.030208 0.034259
4 0.499219 0.539815 0.025521 0.037037
