2 0.450781 0.414583 0.145313 0.120833
2 0.603906 0.425000 0.148438 0.108333
2 0.450781 0.527083 0.145313 0.100000
2 0.600781 0.534375 0.145313 0.106250
2 0.445312 0.621875 0.143750 0.114583
2 0.591406 0.630208 0.142187 0.106250
2 0.442188 0.722917 0.137500 0.095833
2 0.584375 0.726042 0.140625 0.085417
2 0.442188 0.816667 0.140625 0.091667
2 0.587500 0.821875 0.140625 0.093750
2 0.443750 0.914583 0.137500 0.095833
2 0.583594 0.917708 0.132812 0.085417
0 0.521094 0.648958 0.342187 0.668750
