4 0.431250 0.223958 0.056250 0.081250
4 0.355469 0.213542 0.057813 0.081250
4 0.427344 0.335417 0.054688 0.075000
4 0.355469 0.326042 0.057813 0.077083
4 0.425781 0.442708 0.054688 0.072917
4 0.353906 0.434375 0.057813 0.072917
4 0.278906 0.427083 0.064062 0.070833
4 0.424219 0.545833 0.054688 0.070833
4 0.349219 0.540625 0.054688 0.068750
4 0.273438 0.532292 0.059375 0.072917
4 0.419531 0.648958 0.054688 0.068750
4 0.347656 0.640625 0.054688 0.068750
4 0.272656 0.636458 0.057813 0.068750
4 0.416406 0.748958 0.051562 0.068750
4 0.346094 0.742708 0.054688 0.068750
4 0.271094 0.738542 0.054688 0.068750
4 0.413281 0.844792 0.051562 0.068750
4 0.341406 0.839583 0.054688 0.070833
4 0.268750 0.836458 0.056250 0.068750
2 0.278125 0.317708 0.071875 0.093750
2 0.278125 0.211458 0.071875 0.093750
0 0.351562 0.510417 0.268750 0.800000
