2 0.533594 0.590625 0.070312 0.102083
2 0.337500 0.578125 0.081250 0.102083
2 0.437500 0.580208 0.081250 0.106250
2 0.619531 0.858333 0.070312 0.100000
2 0.628906 0.597917 0.070312 0.100000
2 0.627344 0.729167 0.073438 0.100000
2 0.334375 0.702083 0.071875 0.095833
2 0.525781 0.721875 0.070312 0.093750
2 0.428906 0.713542 0.079687 0.093750
2 0.522656 0.839583 0.079687 0.095833
2 0.428125 0.839583 0.078125 0.095833
2 0.332031 0.831250 0.073438 0.095833
0 0.497656 0.715625 0.448437 0.439583
