4 0.456250 0.429167 0.106250 0.104167
4 0.483594 0.352083 0.104688 0.104167
4 0.584375 0.515625 0.106250 0.093750
4 0.614062 0.445833 0.106250 0.104167
4 0.555469 0.591667 0.098437 0.083333
4 0.527344 0.668750 0.101562 0.091667
4 0.430469 0.505208 0.101562 0.089583
4 0.398438 0.581250 0.112500 0.095833
4 0.371094 0.659375 0.098437 0.085417
4 0.340625 0.732292 0.109375 0.093750
4 0.501563 0.745833 0.096875 0.083333
2 0.475000 0.816667 0.090625 0.091667
0 0.467969 0.593750 0.464062 0.704167
