4 0.503906 0.404167 0.110937 0.054167
4 0.654687 0.409375 0.109375 0.052083
4 0.499219 0.497917 0.114062 0.058333
4 0.653125 0.505208 0.109375 0.052083
4 0.648438 0.602083 0.106250 0.054167
4 0.644531 0.693750 0.107813 0.054167
4 0.642188 0.789583 0.106250 0.054167
4 0.639844 0.883333 0.110937 0.054167
2 0.497656 0.684375 0.117188 0.077083
2 0.500781 0.593750 0.114062 0.079167
2 0.493750 0.776042 0.112500 0.068750
2 0.492969 0.867708 0.110937 0.072917
0 0.568750 0.657292 0.328125 0.622917
