4 0.550781 0.327083 0.054688 0.079167
4 0.622656 0.329167 0.054688 0.079167
4 0.616406 0.459375 0.051562 0.068750
4 0.544531 0.455208 0.054688 0.072917
4 0.472656 0.445833 0.054688 0.075000
4 0.397656 0.435417 0.057813 0.075000
4 0.610938 0.588542 0.050000 0.068750
4 0.540625 0.584375 0.050000 0.068750
4 0.467969 0.576042 0.051562 0.068750
4 0.392969 0.565625 0.054688 0.068750
4 0.604688 0.717708 0.050000 0.068750
4 0.534375 0.711458 0.050000 0.068750
4 0.463281 0.705208 0.051562 0.072917
4 0.386719 0.700000 0.054688 0.075000
4 0.457031 0.834375 0.051562 0.072917
4 0.382031 0.832292 0.051562 0.068750
4 0.600781 0.844792 0.048438 0.064583
2 0.478125 0.319792 0.056250 0.085417
2 0.401562 0.305208 0.065625 0.085417
2 0.529687 0.835417 0.059375 0.083333
0 0.498437 0.591667 0.346875 0.725000
