4 0.617188 0.565625 0.050000 0.068750
4 0.542188 0.563542 0.050000 0.068750
4 0.469531 0.556250 0.051562 0.070833
4 0.392969 0.553125 0.051562 0.072917
4 0.611719 0.673958 0.048438 0.064583
4 0.540625 0.667708 0.050000 0.064583
4 0.467969 0.664583 0.048438 0.066667
4 0.392969 0.661458 0.051562 0.068750
4 0.609375 0.778125 0.046875 0.064583
4 0.538281 0.771875 0.048438 0.064583
4 0.466406 0.769792 0.048438 0.064583
4 0.392188 0.768750 0.050000 0.062500
2 0.465625 0.865625 0.059375 0.068750
2 0.393750 0.865625 0.050000 0.072917
2 0.607031 0.871875 0.048438 0.077083
2 0.537500 0.865625 0.059375 0.068750
2 0.621094 0.462500 0.054688 0.070833
2 0.544531 0.455208 0.054688 0.077083
2 0.395313 0.441667 0.056250 0.079167
2 0.472656 0.448958 0.054688 0.081250
0 0.503125 0.629167 0.334375 0.629167
