4 0.348438 0.264583 0.056250 0.083333
4 0.425000 0.268750 0.062500 0.087500
4 0.492969 0.270833 0.064062 0.095833
4 0.352344 0.370833 0.064062 0.087500
4 0.421875 0.373958 0.053125 0.081250
4 0.491406 0.378125 0.060937 0.081250
4 0.350781 0.475000 0.064062 0.083333
4 0.418750 0.476042 0.065625 0.077083
4 0.487500 0.483333 0.056250 0.075000
4 0.347656 0.570833 0.054688 0.075000
4 0.415625 0.573958 0.062500 0.081250
4 0.482812 0.582292 0.062500 0.077083
4 0.340625 0.665625 0.062500 0.072917
4 0.410938 0.672917 0.056250 0.075000
4 0.481250 0.679167 0.059375 0.079167
4 0.333594 0.763542 0.067187 0.081250
4 0.407813 0.768750 0.056250 0.075000
4 0.325000 0.865625 0.062500 0.089583
4 0.398438 0.869792 0.053125 0.081250
4 0.469531 0.870833 0.051562 0.083333
2 0.477344 0.776042 0.064062 0.089583
0 0.407031 0.573958 0.254688 0.760417
