4 0.274219 0.533333 0.042188 0.154167
4 0.352344 0.542708 0.042188 0.152083
4 0.425781 0.551042 0.039062 0.156250
4 0.503125 0.557292 0.037500 0.152083
4 0.573438 0.562500 0.037500 0.150000
4 0.641406 0.570833 0.035937 0.150000
4 0.271094 0.740625 0.039062 0.147917
4 0.346875 0.745833 0.043750 0.150000
2 0.424219 0.748958 0.051562 0.152083
2 0.492969 0.755208 0.048438 0.156250
2 0.560937 0.761458 0.043750 0.147917
2 0.630469 0.769792 0.048438 0.152083
0 0.464062 0.656250 0.496875 0.458333
