4 0.540625 0.238542 0.062500 0.081250
4 0.625781 0.305208 0.054688 0.077083
4 0.721094 0.367708 0.057813 0.068750
4 0.677344 0.467708 0.064062 0.081250
4 0.634375 0.571875 0.062500 0.081250
4 0.592187 0.675000 0.059375 0.079167
4 0.554688 0.778125 0.059375 0.085417
4 0.461719 0.454167 0.064062 0.095833
4 0.500000 0.347917 0.062500 0.087500
4 0.421094 0.554167 0.060937 0.083333
4 0.378906 0.659375 0.064062 0.081250
4 0.339844 0.763542 0.057813 0.085417
4 0.428906 0.822917 0.048438 0.083333
4 0.509375 0.883333 0.062500 0.075000
0 0.541406 0.556250 0.514062 0.862500
