4 0.580469 0.573958 0.057813 0.072917
4 0.499219 0.567708 0.064062 0.081250
4 0.415625 0.560417 0.062500 0.079167
4 0.332031 0.552083 0.067187 0.083333
4 0.576562 0.681250 0.059375 0.079167
4 0.494531 0.673958 0.064062 0.081250
4 0.414062 0.666667 0.065625 0.079167
4 0.328906 0.662500 0.067187 0.079167
4 0.492188 0.784375 0.062500 0.072917
4 0.570312 0.789583 0.059375 0.079167
4 0.327344 0.772917 0.064062 0.075000
4 0.408594 0.777083 0.064062 0.079167
4 0.567187 0.893750 0.059375 0.079167
4 0.485938 0.887500 0.062500 0.075000
4 0.407031 0.881250 0.064062 0.079167
4 0.327344 0.875000 0.067187 0.083333
4 0.503906 0.458333 0.057813 0.079167
4 0.421094 0.448958 0.064062 0.085417
4 0.334375 0.439583 0.065625 0.083333
2 0.589844 0.354167 0.067187 0.079167
2 0.510156 0.346875 0.067187 0.085417
2 0.423438 0.342708 0.065625 0.089583
2 0.334375 0.330208 0.071875 0.085417
2 0.585938 0.466667 0.065625 0.083333
0 0.459375 0.583333 0.375000 0.741667
