4 0.409375 0.285417 0.053125 0.079167
4 0.517188 0.307292 0.053125 0.064583
4 0.615625 0.319792 0.053125 0.072917
4 0.402344 0.406250 0.054688 0.075000
4 0.608594 0.435417 0.051562 0.066667
4 0.400781 0.528125 0.060937 0.077083
4 0.604688 0.553125 0.053125 0.068750
4 0.395313 0.652083 0.056250 0.070833
4 0.599219 0.669792 0.054688 0.068750
4 0.390625 0.769792 0.059375 0.072917
4 0.591406 0.784375 0.054688 0.068750
4 0.385156 0.889583 0.054688 0.070833
4 0.489063 0.893750 0.056250 0.070833
4 0.585938 0.900000 0.056250 0.070833
0 0.499219 0.579167 0.342187 0.820833
