2 0.397656 0.570833 0.064062 0.083333
2 0.492969 0.581250 0.067187 0.087500
2 0.586719 0.591667 0.064062 0.095833
2 0.575781 0.839583 0.064062 0.079167
4 0.593750 0.456250 0.062500 0.083333
4 0.496094 0.446875 0.067187 0.085417
4 0.401562 0.436458 0.071875 0.089583
4 0.579688 0.716667 0.062500 0.079167
4 0.489063 0.712500 0.062500 0.079167
4 0.395313 0.704167 0.062500 0.083333
4 0.390625 0.831250 0.062500 0.079167
4 0.482031 0.838542 0.057813 0.077083
0 0.496875 0.647917 0.328125 0.591667
