4 0.424219 0.288542 0.120313 0.072917
4 0.575781 0.310417 0.117188 0.066667
4 0.417187 0.396875 0.121875 0.068750
4 0.571094 0.415625 0.117188 0.064583
4 0.563281 0.516667 0.117188 0.062500
4 0.411719 0.497917 0.120313 0.062500
4 0.557031 0.616667 0.117188 0.062500
4 0.408594 0.602083 0.120313 0.058333
4 0.552344 0.715625 0.117188 0.060417
4 0.406250 0.704167 0.125000 0.062500
2 0.550000 0.809375 0.121875 0.093750
2 0.405469 0.800000 0.129688 0.083333
0 0.488281 0.532292 0.339062 0.693750
