2 0.374219 0.287500 0.129688 0.083333
2 0.373437 0.697917 0.121875 0.070833
2 0.376563 0.601042 0.125000 0.072917
2 0.526563 0.792708 0.118750 0.064583
2 0.377344 0.794792 0.120313 0.068750
2 0.528125 0.700000 0.125000 0.070833
4 0.525781 0.294792 0.117188 0.064583
4 0.525000 0.402083 0.118750 0.062500
4 0.374219 0.390625 0.129688 0.072917
4 0.525781 0.500000 0.117188 0.058333
4 0.373437 0.494792 0.128125 0.060417
4 0.525781 0.600000 0.114062 0.054167
0 0.442188 0.533333 0.346875 0.700000
