4 0.294531 0.403125 0.073438 0.093750
4 0.376563 0.413542 0.065625 0.085417
4 0.450781 0.416667 0.060937 0.079167
4 0.522656 0.414583 0.054688 0.075000
4 0.297656 0.512500 0.067187 0.087500
4 0.378125 0.516667 0.065625 0.087500
4 0.453125 0.520833 0.056250 0.066667
4 0.528906 0.521875 0.054688 0.072917
4 0.300000 0.625000 0.068750 0.087500
4 0.380469 0.620833 0.057813 0.083333
4 0.455469 0.623958 0.057813 0.072917
4 0.529687 0.626042 0.062500 0.077083
4 0.301563 0.731250 0.065625 0.083333
4 0.384375 0.733333 0.062500 0.079167
4 0.458594 0.726042 0.057813 0.072917
4 0.527344 0.721875 0.054688 0.072917
4 0.307812 0.839583 0.062500 0.087500
4 0.385937 0.834375 0.059375 0.077083
4 0.462500 0.830208 0.056250 0.077083
2 0.535156 0.827083 0.060937 0.087500
0 0.410156 0.647917 0.348438 0.633333
