4 0.429688 0.493750 0.109375 0.050000
4 0.567187 0.501042 0.106250 0.056250
4 0.430469 0.614583 0.107813 0.054167
4 0.569531 0.621875 0.101562 0.056250
4 0.429688 0.730208 0.106250 0.052083
4 0.560937 0.741667 0.106250 0.050000
4 0.428906 0.842708 0.104688 0.052083
4 0.562500 0.850000 0.103125 0.054167
2 0.442188 0.261458 0.121875 0.089583
2 0.583594 0.271875 0.120313 0.085417
2 0.442969 0.390625 0.117188 0.077083
2 0.577344 0.394792 0.120313 0.077083
0 0.508594 0.543750 0.320312 0.820833
