4 0.444531 0.420833 0.148438 0.087500
4 0.621875 0.421875 0.128125 0.072917
4 0.449219 0.523958 0.135937 0.072917
4 0.624219 0.526042 0.120313 0.056250
4 0.444531 0.622917 0.132812 0.066667
4 0.616406 0.622917 0.132812 0.079167
4 0.446094 0.728125 0.129688 0.077083
4 0.620313 0.733333 0.131250 0.066667
4 0.446094 0.826042 0.126562 0.072917
4 0.614062 0.831250 0.125000 0.070833
4 0.443750 0.918750 0.125000 0.066667
4 0.617188 0.932292 0.125000 0.072917
0 0.543750 0.645833 0.390625 0.704167
