4 0.481250 0.325000 0.050000 0.070833
4 0.419531 0.379167 0.048438 0.062500
4 0.357031 0.428125 0.048438 0.064583
4 0.294531 0.475000 0.051562 0.062500
4 0.517969 0.412500 0.048438 0.066667
4 0.458594 0.464583 0.048438 0.058333
4 0.397656 0.516667 0.048438 0.066667
4 0.334375 0.563542 0.053125 0.072917
4 0.369531 0.650000 0.051562 0.070833
4 0.431250 0.603125 0.046875 0.068750
4 0.495312 0.553125 0.056250 0.077083
4 0.557813 0.504167 0.050000 0.062500
4 0.405469 0.737500 0.048438 0.066667
4 0.471875 0.687500 0.050000 0.066667
4 0.535156 0.643750 0.048438 0.062500
4 0.595313 0.593750 0.046875 0.066667
4 0.632812 0.684375 0.046875 0.068750
4 0.568750 0.729167 0.050000 0.062500
4 0.507031 0.777083 0.048438 0.062500
4 0.445312 0.822917 0.053125 0.066667
4 0.481250 0.912500 0.050000 0.066667
4 0.542969 0.863542 0.048438 0.068750
4 0.608594 0.818750 0.048438 0.070833
4 0.668750 0.770833 0.053125 0.062500
0 0.484375 0.591667 0.481250 0.766667
