4 0.463281 0.591667 0.035937 0.083333
4 0.357812 0.586458 0.040625 0.093750
4 0.565625 0.600000 0.034375 0.083333
4 0.666406 0.605208 0.035937 0.081250
4 0.560937 0.723958 0.034375 0.081250
4 0.462500 0.716667 0.034375 0.083333
4 0.657813 0.731250 0.034375 0.083333
4 0.651563 0.854167 0.034375 0.083333
4 0.554688 0.843750 0.034375 0.083333
4 0.459375 0.835417 0.034375 0.083333
2 0.365625 0.829167 0.043750 0.083333
2 0.366406 0.708333 0.042188 0.083333
0 0.521875 0.719792 0.484375 0.443750
