4 0.454688 0.319792 0.118750 0.102083
4 0.432031 0.411458 0.120313 0.093750
4 0.408594 0.502083 0.117188 0.095833
4 0.382031 0.595833 0.120313 0.095833
4 0.357031 0.690625 0.117188 0.093750
4 0.332813 0.781250 0.128125 0.100000
4 0.508594 0.757292 0.117188 0.093750
4 0.481250 0.845833 0.115625 0.091667
2 0.596875 0.390625 0.112500 0.093750
2 0.573438 0.489583 0.112500 0.091667
2 0.553906 0.578125 0.110937 0.093750
2 0.530469 0.662500 0.110937 0.095833
0 0.469531 0.576042 0.435937 0.706250
