4 0.500781 0.290625 0.089063 0.081250
4 0.523438 0.364583 0.087500 0.075000
4 0.547656 0.442708 0.089063 0.081250
4 0.571094 0.519792 0.085938 0.077083
4 0.593750 0.594792 0.087500 0.077083
4 0.614062 0.668750 0.087500 0.075000
4 0.636719 0.741667 0.085938 0.075000
4 0.658594 0.815625 0.085938 0.072917
4 0.360938 0.366667 0.093750 0.083333
4 0.387500 0.442708 0.090625 0.085417
4 0.408594 0.516667 0.092188 0.083333
4 0.460156 0.665625 0.085938 0.081250
4 0.479687 0.739583 0.084375 0.070833
4 0.499219 0.811458 0.082812 0.072917
4 0.527344 0.882292 0.082812 0.081250
2 0.435156 0.589583 0.089063 0.083333
0 0.509375 0.562500 0.450000 0.787500
