4 0.557031 0.363542 0.101562 0.077083
4 0.412500 0.412500 0.106250 0.079167
4 0.432031 0.502083 0.104688 0.075000
4 0.574219 0.453125 0.101562 0.072917
4 0.608594 0.630208 0.098437 0.072917
4 0.589844 0.544792 0.101562 0.077083
4 0.485938 0.763542 0.103125 0.072917
4 0.447656 0.591667 0.101562 0.079167
4 0.465625 0.680208 0.103125 0.077083
4 0.501563 0.852083 0.096875 0.066667
4 0.638281 0.801042 0.095312 0.064583
2 0.623437 0.711458 0.090625 0.072917
0 0.514062 0.601042 0.406250 0.714583
