2 0.304688 0.268750 0.106250 0.075000
2 0.467969 0.292708 0.104688 0.072917
2 0.459375 0.378125 0.090625 0.068750
2 0.457031 0.455208 0.089063 0.072917
4 0.305469 0.359375 0.098437 0.052083
4 0.303906 0.442708 0.095312 0.052083
4 0.302344 0.529167 0.095312 0.045833
4 0.454688 0.541667 0.087500 0.045833
4 0.301563 0.612500 0.093750 0.045833
4 0.452344 0.623958 0.089063 0.043750
4 0.301563 0.694792 0.093750 0.043750
4 0.448437 0.705208 0.087500 0.043750
4 0.296875 0.773958 0.093750 0.043750
2 0.451562 0.776042 0.096875 0.068750
2 0.300000 0.846875 0.103125 0.064583
2 0.442969 0.855208 0.079687 0.064583
0 0.385156 0.572917 0.335938 0.737500
