2 0.557031 0.287500 0.057813 0.083333
2 0.492188 0.238542 0.062500 0.089583
4 0.691406 0.367708 0.054688 0.077083
4 0.625781 0.330208 0.054688 0.077083
4 0.587500 0.444792 0.050000 0.072917
4 0.455469 0.356250 0.054688 0.075000
4 0.521094 0.402083 0.054688 0.079167
4 0.651563 0.483333 0.050000 0.066667
4 0.483594 0.521875 0.051562 0.068750
4 0.414844 0.475000 0.054688 0.075000
4 0.612500 0.602083 0.050000 0.066667
4 0.549219 0.562500 0.048438 0.066667
4 0.373437 0.598958 0.056250 0.072917
4 0.575781 0.718750 0.048438 0.066667
4 0.510938 0.679167 0.050000 0.066667
4 0.407031 0.759375 0.051562 0.068750
4 0.333594 0.721875 0.054688 0.068750
2 0.541406 0.830208 0.048438 0.077083
2 0.475000 0.793750 0.062500 0.083333
4 0.445312 0.639583 0.050000 0.066667
0 0.504687 0.546875 0.490625 0.797917
