4 0.329688 0.613542 0.050000 0.102083
4 0.437500 0.622917 0.043750 0.112500
4 0.542969 0.630208 0.039062 0.097917
4 0.642188 0.638542 0.046875 0.102083
4 0.334375 0.750000 0.043750 0.104167
4 0.437500 0.751042 0.037500 0.097917
4 0.534375 0.759375 0.040625 0.097917
4 0.639062 0.767708 0.046875 0.093750
2 0.337500 0.870833 0.046875 0.100000
4 0.426563 0.872917 0.046875 0.095833
4 0.527344 0.882292 0.048438 0.093750
4 0.629687 0.892708 0.043750 0.093750
0 0.495312 0.756250 0.481250 0.454167
