4 0.403906 0.320833 0.067187 0.104167
4 0.482812 0.334375 0.062500 0.106250
4 0.556250 0.352083 0.065625 0.104167
4 0.632812 0.355208 0.065625 0.106250
4 0.711719 0.359375 0.064062 0.102083
4 0.400781 0.430208 0.067187 0.106250
4 0.479687 0.441667 0.062500 0.104167
4 0.553125 0.446875 0.059375 0.093750
4 0.629687 0.457292 0.062500 0.097917
4 0.707031 0.462500 0.064062 0.104167
4 0.394531 0.540625 0.067187 0.102083
4 0.473438 0.544792 0.062500 0.093750
4 0.551562 0.554167 0.062500 0.087500
4 0.627344 0.560417 0.060937 0.095833
4 0.703906 0.564583 0.067187 0.100000
4 0.391406 0.645833 0.076563 0.091667
4 0.471875 0.647917 0.068750 0.095833
4 0.549219 0.657292 0.067187 0.089583
4 0.621094 0.665625 0.064062 0.102083
4 0.696875 0.662500 0.065625 0.083333
4 0.387500 0.750000 0.075000 0.091667
4 0.469531 0.753125 0.057813 0.093750
4 0.543750 0.761458 0.065625 0.093750
4 0.617969 0.764583 0.070312 0.087500
4 0.694531 0.768750 0.060937 0.095833
4 0.385937 0.857292 0.068750 0.089583
4 0.465625 0.858333 0.065625 0.091667
4 0.542188 0.864583 0.068750 0.091667
4 0.615625 0.865625 0.059375 0.089583
2 0.690625 0.871875 0.062500 0.093750
0 0.546094 0.598958 0.432812 0.718750
