2 0.321094 0.738542 0.067187 0.085417
2 0.322656 0.627083 0.067187 0.091667
2 0.313281 0.855208 0.070312 0.085417
2 0.423438 0.862500 0.062500 0.083333
2 0.429688 0.748958 0.065625 0.085417
4 0.646094 0.652083 0.064062 0.083333
4 0.539062 0.642708 0.059375 0.081250
4 0.429688 0.634375 0.062500 0.085417
4 0.535156 0.756250 0.057813 0.083333
4 0.639062 0.761458 0.062500 0.081250
4 0.530469 0.865625 0.057813 0.085417
4 0.635938 0.873958 0.059375 0.081250
0 0.456250 0.750000 0.484375 0.391667
