4 0.555469 0.198958 0.126562 0.102083
4 0.422656 0.245833 0.123438 0.108333
4 0.450781 0.368750 0.120313 0.112500
4 0.582812 0.319792 0.131250 0.097917
4 0.603125 0.436458 0.125000 0.102083
4 0.469531 0.481250 0.117188 0.087500
4 0.496875 0.595833 0.112500 0.091667
4 0.628906 0.550000 0.117188 0.091667
4 0.649219 0.667708 0.117188 0.102083
4 0.517969 0.709375 0.114062 0.097917
4 0.542188 0.822917 0.115625 0.091667
4 0.675000 0.778125 0.112500 0.093750
0 0.543750 0.505208 0.453125 0.885417
