2 0.375781 0.362500 0.129688 0.083333
2 0.518750 0.363542 0.134375 0.093750
2 0.373437 0.466667 0.131250 0.095833
2 0.520312 0.467708 0.143750 0.085417
2 0.374219 0.565625 0.135937 0.077083
2 0.517188 0.563542 0.125000 0.077083
2 0.366406 0.659375 0.142187 0.081250
2 0.514062 0.675000 0.134375 0.079167
2 0.363281 0.761458 0.132812 0.072917
2 0.525781 0.767708 0.135937 0.085417
2 0.357031 0.858333 0.132812 0.083333
2 0.510938 0.870833 0.134375 0.100000
0 0.446094 0.603125 0.335938 0.681250
