4 0.503125 0.228125 0.112500 0.056250
4 0.639062 0.213542 0.112500 0.056250
4 0.641406 0.336458 0.110937 0.064583
4 0.510938 0.464583 0.112500 0.054167
4 0.648438 0.453125 0.109375 0.052083
4 0.518750 0.584375 0.106250 0.047917
4 0.659375 0.573958 0.109375 0.052083
4 0.525000 0.701042 0.106250 0.052083
4 0.660937 0.683333 0.106250 0.054167
2 0.510156 0.362500 0.120313 0.079167
4 0.534375 0.813542 0.112500 0.060417
4 0.669531 0.800000 0.110937 0.062500
0 0.578906 0.516667 0.342187 0.825000
