4 0.367969 0.846875 0.048438 0.064583
4 0.369531 0.732292 0.051562 0.064583
4 0.377344 0.378125 0.051562 0.068750
4 0.372656 0.496875 0.054688 0.072917
4 0.370312 0.617708 0.056250 0.068750
4 0.559375 0.861458 0.046875 0.064583
4 0.563281 0.748958 0.048438 0.068750
4 0.567969 0.629167 0.054688 0.070833
4 0.577344 0.390625 0.048438 0.068750
4 0.573438 0.511458 0.050000 0.072917
4 0.465625 0.852083 0.046875 0.062500
2 0.375781 0.247917 0.064062 0.083333
2 0.585156 0.271875 0.064062 0.085417
2 0.482812 0.265625 0.059375 0.093750
0 0.473438 0.561458 0.334375 0.810417
