4 0.509375 0.393750 0.056250 0.075000
4 0.437500 0.341667 0.062500 0.083333
4 0.650000 0.494792 0.056250 0.072917
4 0.580469 0.450000 0.054688 0.075000
4 0.683594 0.398958 0.051562 0.068750
4 0.475000 0.491667 0.059375 0.075000
4 0.400781 0.437500 0.064062 0.079167
4 0.614844 0.587500 0.057813 0.070833
4 0.544531 0.542708 0.054688 0.072917
4 0.366406 0.534375 0.064062 0.072917
4 0.511719 0.632292 0.057813 0.072917
4 0.441406 0.584375 0.057813 0.072917
4 0.581250 0.680208 0.056250 0.068750
4 0.406250 0.675000 0.062500 0.075000
4 0.332031 0.631250 0.067187 0.075000
4 0.548438 0.767708 0.056250 0.072917
4 0.478906 0.725000 0.057813 0.070833
4 0.298438 0.723958 0.056250 0.068750
4 0.372656 0.770833 0.057813 0.070833
4 0.442969 0.815625 0.054688 0.064583
4 0.514062 0.858333 0.056250 0.070833
2 0.544531 0.305208 0.064062 0.089583
2 0.474219 0.243750 0.064062 0.100000
2 0.615625 0.355208 0.065625 0.085417
0 0.505469 0.519792 0.501563 0.793750
