4 0.350781 0.269792 0.064062 0.097917
4 0.425781 0.276042 0.067187 0.093750
4 0.500781 0.270833 0.067187 0.087500
4 0.428906 0.379167 0.057813 0.079167
4 0.504687 0.373958 0.056250 0.077083
4 0.506250 0.478125 0.056250 0.077083
4 0.435937 0.476042 0.059375 0.077083
4 0.364063 0.473958 0.062500 0.089583
4 0.365625 0.586458 0.065625 0.097917
4 0.437500 0.578125 0.059375 0.077083
4 0.507812 0.579167 0.065625 0.079167
4 0.369531 0.679167 0.057813 0.083333
4 0.439063 0.680208 0.062500 0.085417
4 0.509375 0.677083 0.062500 0.083333
4 0.511719 0.775000 0.057813 0.079167
4 0.439063 0.777083 0.065625 0.075000
4 0.368750 0.778125 0.062500 0.072917
4 0.369531 0.878125 0.070312 0.089583
4 0.442969 0.878125 0.064062 0.077083
4 0.514062 0.873958 0.062500 0.068750
2 0.357812 0.378125 0.065625 0.097917
0 0.432812 0.565625 0.262500 0.785417
