4 0.383594 0.270833 0.129688 0.075000
4 0.592187 0.273958 0.128125 0.072917
4 0.387500 0.394792 0.140625 0.081250
4 0.592969 0.392708 0.142187 0.089583
4 0.387500 0.513542 0.134375 0.077083
4 0.592969 0.517708 0.129688 0.072917
4 0.397656 0.632292 0.145313 0.068750
4 0.596094 0.638542 0.135937 0.072917
4 0.393750 0.748958 0.134375 0.077083
4 0.588281 0.753125 0.135937 0.068750
4 0.396094 0.863542 0.132812 0.072917
4 0.592969 0.868750 0.132812 0.066667
0 0.497656 0.554167 0.414062 0.825000
