4 0.543750 0.540625 0.062500 0.047917
4 0.447656 0.531250 0.064062 0.050000
4 0.347656 0.515625 0.070312 0.052083
4 0.537500 0.671875 0.059375 0.047917
4 0.443750 0.662500 0.062500 0.050000
4 0.339844 0.653125 0.067187 0.052083
4 0.534375 0.802083 0.059375 0.050000
4 0.438281 0.795833 0.064062 0.050000
4 0.338281 0.792708 0.067187 0.052083
4 0.545312 0.398958 0.059375 0.047917
2 0.452344 0.397917 0.064062 0.062500
2 0.352344 0.383333 0.070312 0.062500
0 0.442969 0.598958 0.335938 0.631250
