2 0.425781 0.732292 0.073438 0.072917
2 0.500781 0.841667 0.064062 0.087500
2 0.658594 0.848958 0.057813 0.081250
2 0.581250 0.846875 0.065625 0.089583
2 0.420312 0.830208 0.078125 0.093750
2 0.440625 0.306250 0.059375 0.100000
4 0.678125 0.333333 0.059375 0.083333
4 0.600000 0.323958 0.062500 0.085417
4 0.518750 0.315625 0.056250 0.089583
4 0.671875 0.437500 0.059375 0.079167
4 0.593750 0.430208 0.059375 0.085417
4 0.514062 0.425000 0.059375 0.083333
4 0.434375 0.414583 0.059375 0.083333
4 0.667969 0.542708 0.057813 0.072917
4 0.511719 0.529167 0.057813 0.079167
4 0.590625 0.537500 0.062500 0.079167
4 0.431250 0.525000 0.062500 0.079167
4 0.428125 0.627083 0.059375 0.075000
4 0.665625 0.646875 0.056250 0.072917
4 0.585938 0.639583 0.059375 0.075000
4 0.508594 0.633333 0.064062 0.079167
4 0.661719 0.746875 0.054688 0.072917
2 0.507812 0.734375 0.065625 0.093750
2 0.583594 0.741667 0.070312 0.075000
0 0.546875 0.603125 0.359375 0.706250
