4 0.366406 0.078125 0.070312 0.156250
4 0.482812 0.083333 0.075000 0.166667
4 0.606250 0.085417 0.065625 0.166667
4 0.363281 0.330208 0.073438 0.206250
4 0.481250 0.327083 0.078125 0.200000
4 0.605469 0.343750 0.070312 0.191667
4 0.373437 0.615625 0.071875 0.197917
4 0.484375 0.607292 0.065625 0.177083
2 0.591406 0.859375 0.070312 0.185417
2 0.378125 0.864583 0.081250 0.200000
2 0.488281 0.859375 0.089063 0.210417
4 0.598437 0.607292 0.084375 0.202083
0 0.500781 0.496875 0.407813 0.993750
