2 0.355469 0.141667 0.098437 0.141667
2 0.575781 0.196875 0.095312 0.147917
2 0.470313 0.181250 0.096875 0.141667
2 0.317188 0.664583 0.093750 0.120833
2 0.425000 0.683333 0.090625 0.120833
2 0.527344 0.697917 0.089063 0.125000
4 0.452344 0.341667 0.089063 0.120833
4 0.346875 0.318750 0.090625 0.125000
4 0.559375 0.366667 0.078125 0.104167
4 0.539062 0.527083 0.081250 0.104167
4 0.328125 0.491667 0.090625 0.112500
4 0.437500 0.511458 0.090625 0.110417
0 0.441406 0.422917 0.432812 0.845833
