4 0.488281 0.461458 0.051562 0.068750
4 0.415625 0.455208 0.056250 0.072917
4 0.486719 0.571875 0.054688 0.068750
4 0.411719 0.563542 0.054688 0.068750
4 0.480469 0.678125 0.051562 0.068750
4 0.407813 0.669792 0.050000 0.068750
4 0.332813 0.663542 0.056250 0.072917
4 0.252344 0.655208 0.057813 0.077083
4 0.406250 0.773958 0.050000 0.068750
4 0.331250 0.771875 0.056250 0.072917
4 0.249219 0.767708 0.057813 0.072917
4 0.327344 0.876042 0.051562 0.064583
4 0.246875 0.878125 0.059375 0.068750
2 0.337500 0.444792 0.056250 0.077083
2 0.253906 0.437500 0.067187 0.083333
2 0.336719 0.558333 0.064062 0.079167
2 0.255469 0.548958 0.064062 0.085417
2 0.475000 0.884375 0.046875 0.085417
2 0.478906 0.779167 0.051562 0.079167
2 0.407031 0.872917 0.054688 0.079167
0 0.365625 0.632292 0.359375 0.652083
