4 0.437500 0.407292 0.081250 0.068750
4 0.555469 0.408333 0.092188 0.066667
4 0.670312 0.409375 0.078125 0.056250
4 0.440625 0.569792 0.081250 0.052083
4 0.556250 0.571875 0.093750 0.056250
4 0.667188 0.576042 0.078125 0.072917
4 0.440625 0.731250 0.081250 0.070833
4 0.552344 0.733333 0.092188 0.066667
4 0.667188 0.729167 0.078125 0.062500
4 0.436719 0.885417 0.089063 0.058333
4 0.550781 0.882292 0.089063 0.077083
4 0.667969 0.884375 0.085938 0.081250
0 0.554688 0.622917 0.393750 0.733333
