4 0.613281 0.459375 0.057813 0.081250
4 0.534375 0.453125 0.059375 0.081250
4 0.451562 0.445833 0.062500 0.079167
4 0.370312 0.436458 0.065625 0.081250
4 0.607031 0.566667 0.057813 0.079167
4 0.528906 0.558333 0.057813 0.075000
4 0.367969 0.545833 0.064062 0.079167
4 0.450781 0.551042 0.064062 0.081250
4 0.603125 0.670833 0.056250 0.070833
4 0.523438 0.662500 0.059375 0.075000
4 0.446094 0.656250 0.064062 0.079167
4 0.367188 0.652083 0.065625 0.079167
4 0.598437 0.773958 0.056250 0.072917
4 0.521094 0.767708 0.057813 0.072917
4 0.442969 0.762500 0.057813 0.075000
4 0.365625 0.755208 0.062500 0.072917
4 0.592969 0.870833 0.057813 0.075000
4 0.364063 0.856250 0.059375 0.070833
4 0.440625 0.860417 0.059375 0.075000
4 0.518750 0.866667 0.059375 0.075000
4 0.618750 0.352083 0.056250 0.083333
4 0.537500 0.342708 0.059375 0.085417
2 0.453906 0.336458 0.070312 0.089583
2 0.370312 0.325000 0.071875 0.091667
0 0.492188 0.570833 0.356250 0.720833
