4 0.559375 0.740625 0.037500 0.047917
4 0.380469 0.812500 0.045312 0.058333
4 0.482031 0.551042 0.042188 0.060417
4 0.381250 0.726042 0.043750 0.052083
4 0.556250 0.823958 0.037500 0.052083
4 0.385937 0.633333 0.043750 0.058333
4 0.385937 0.544792 0.046875 0.072917
4 0.479687 0.456250 0.037500 0.054167
4 0.566406 0.559375 0.039062 0.060417
4 0.471094 0.818750 0.039062 0.058333
4 0.465625 0.908333 0.043750 0.066667
4 0.470313 0.732292 0.040625 0.056250
4 0.562500 0.644792 0.040625 0.056250
4 0.476562 0.641667 0.050000 0.058333
0 0.475781 0.678125 0.298438 0.614583
