4 0.491406 0.605208 0.035937 0.089583
4 0.387500 0.596875 0.040625 0.089583
4 0.588281 0.742708 0.035937 0.085417
4 0.488281 0.734375 0.039062 0.089583
4 0.582031 0.873958 0.035937 0.089583
4 0.482031 0.864583 0.039062 0.087500
4 0.381250 0.855208 0.040625 0.085417
2 0.287500 0.720833 0.043750 0.087500
2 0.282031 0.847917 0.048438 0.087500
2 0.289844 0.590625 0.048438 0.093750
2 0.389062 0.727083 0.040625 0.087500
2 0.596094 0.611458 0.042188 0.093750
0 0.450781 0.733333 0.485938 0.462500
