2 0.395313 0.807292 0.062500 0.081250
4 0.520312 0.613542 0.056250 0.081250
4 0.419531 0.590625 0.064062 0.081250
4 0.507031 0.725000 0.057813 0.070833
4 0.403906 0.702083 0.057813 0.070833
4 0.628125 0.641667 0.056250 0.079167
4 0.731250 0.666667 0.056250 0.079167
4 0.611719 0.747917 0.054688 0.075000
4 0.713281 0.772917 0.057813 0.075000
4 0.596094 0.857292 0.051562 0.068750
4 0.701562 0.885417 0.050000 0.066667
4 0.494531 0.834375 0.054688 0.064583
0 0.550781 0.733333 0.464062 0.433333
