2 0.393750 0.876042 0.106250 0.089583
2 0.535937 0.885417 0.103125 0.079167
4 0.554688 0.339583 0.109375 0.070833
4 0.406250 0.323958 0.112500 0.072917
4 0.550000 0.452083 0.106250 0.075000
4 0.403906 0.439583 0.117188 0.075000
4 0.545312 0.564583 0.109375 0.070833
4 0.400000 0.548958 0.112500 0.072917
4 0.541406 0.672917 0.104688 0.070833
4 0.396875 0.662500 0.109375 0.070833
4 0.396094 0.775000 0.110937 0.075000
4 0.536719 0.781250 0.104688 0.079167
0 0.478906 0.569792 0.332813 0.747917
