4 0.525781 0.323958 0.120313 0.106250
4 0.389844 0.391667 0.114062 0.100000
4 0.412500 0.486458 0.121875 0.097917
4 0.583594 0.504167 0.117188 0.095833
4 0.443750 0.573958 0.112500 0.097917
4 0.606250 0.592708 0.115625 0.093750
4 0.468750 0.664583 0.115625 0.100000
4 0.632812 0.679167 0.115625 0.104167
4 0.494531 0.750000 0.117188 0.100000
4 0.522656 0.836458 0.114062 0.093750
4 0.656250 0.769792 0.115625 0.097917
2 0.557031 0.419792 0.110937 0.097917
0 0.512500 0.569792 0.450000 0.697917
