4 0.389844 0.366667 0.079687 0.104167
4 0.523438 0.368750 0.075000 0.100000
4 0.652344 0.371875 0.073438 0.093750
4 0.392188 0.507292 0.078125 0.097917
4 0.521094 0.514583 0.079687 0.108333
4 0.649219 0.520833 0.076563 0.108333
4 0.392969 0.646875 0.073438 0.102083
4 0.519531 0.654167 0.079687 0.100000
4 0.646875 0.659375 0.078125 0.093750
4 0.392188 0.788542 0.071875 0.093750
4 0.520312 0.792708 0.075000 0.097917
4 0.644531 0.797917 0.073438 0.091667
4 0.398438 0.922917 0.081250 0.095833
4 0.517188 0.920833 0.062500 0.087500
4 0.638281 0.920833 0.073438 0.087500
0 0.524219 0.611458 0.392188 0.760417
