2 0.554688 0.171875 0.062500 0.160417
2 0.455469 0.158333 0.064062 0.170833
2 0.366406 0.132292 0.082812 0.197917
4 0.346094 0.361458 0.051562 0.181250
4 0.450781 0.377083 0.048438 0.150000
4 0.542969 0.384375 0.042188 0.168750
4 0.339062 0.593750 0.050000 0.162500
4 0.439844 0.603125 0.048438 0.160417
4 0.536719 0.611458 0.045312 0.160417
4 0.334375 0.820833 0.050000 0.162500
4 0.432031 0.820833 0.048438 0.162500
2 0.526563 0.828125 0.059375 0.177083
0 0.435156 0.473958 0.370312 0.947917
