4 0.430469 0.336458 0.120313 0.093750
4 0.575781 0.354167 0.117188 0.095833
4 0.432031 0.450000 0.114062 0.087500
4 0.573438 0.468750 0.125000 0.083333
4 0.425000 0.561458 0.118750 0.085417
4 0.572656 0.577083 0.114062 0.083333
4 0.417187 0.675000 0.115625 0.087500
4 0.559375 0.685417 0.109375 0.083333
4 0.418750 0.784375 0.115625 0.089583
4 0.560156 0.793750 0.114062 0.083333
4 0.553906 0.903125 0.114062 0.081250
2 0.413281 0.892708 0.114062 0.097917
0 0.497656 0.583333 0.342187 0.758333
