4 0.401562 0.315625 0.056250 0.089583
4 0.522656 0.340625 0.051562 0.077083
4 0.396094 0.439583 0.054688 0.083333
4 0.518750 0.454167 0.056250 0.079167
4 0.508594 0.561458 0.048438 0.077083
4 0.392969 0.550000 0.057813 0.066667
4 0.383594 0.659375 0.051562 0.072917
4 0.501563 0.671875 0.056250 0.068750
4 0.497656 0.781250 0.057813 0.079167
4 0.483594 0.901042 0.051562 0.072917
4 0.380469 0.773958 0.048438 0.072917
2 0.374219 0.885417 0.057813 0.087500
0 0.445312 0.586458 0.268750 0.760417
