4 0.605469 0.438542 0.067187 0.089583
2 0.513281 0.431250 0.070312 0.095833
2 0.417969 0.419792 0.073438 0.106250
2 0.599219 0.571875 0.070312 0.097917
2 0.411719 0.553125 0.073438 0.093750
2 0.509375 0.566667 0.071875 0.095833
2 0.592187 0.696875 0.071875 0.085417
2 0.502344 0.692708 0.073438 0.093750
2 0.408594 0.685417 0.073438 0.100000
2 0.589063 0.825000 0.075000 0.091667
2 0.403125 0.816667 0.075000 0.091667
2 0.497656 0.817708 0.073438 0.093750
0 0.504687 0.621875 0.328125 0.602083
