2 0.460156 0.327083 0.104688 0.104167
2 0.596094 0.334375 0.107813 0.102083
2 0.451562 0.442708 0.118750 0.097917
2 0.590625 0.447917 0.103125 0.083333
2 0.457813 0.546875 0.115625 0.072917
2 0.588281 0.560417 0.110937 0.083333
2 0.449219 0.654167 0.120313 0.087500
2 0.580469 0.657292 0.104688 0.077083
2 0.448437 0.756250 0.093750 0.079167
2 0.574219 0.763542 0.098437 0.064583
2 0.442188 0.852083 0.096875 0.062500
2 0.572656 0.863542 0.101562 0.077083
0 0.525781 0.570833 0.295312 0.733333
