4 0.421094 0.283333 0.042188 0.066667
4 0.419531 0.408333 0.042188 0.062500
4 0.296875 0.398958 0.050000 0.068750
4 0.417969 0.529167 0.042188 0.058333
4 0.296875 0.519792 0.050000 0.064583
4 0.417187 0.645833 0.043750 0.058333
4 0.296875 0.639583 0.046875 0.058333
4 0.412500 0.759375 0.043750 0.056250
4 0.296875 0.750000 0.046875 0.058333
2 0.297656 0.277083 0.051562 0.083333
2 0.298438 0.857292 0.046875 0.068750
2 0.410938 0.871875 0.040625 0.072917
0 0.349219 0.542708 0.267188 0.789583
