4 0.439063 0.473958 0.062500 0.089583
4 0.512500 0.488542 0.056250 0.081250
4 0.584375 0.491667 0.059375 0.083333
4 0.656250 0.493750 0.065625 0.083333
4 0.435937 0.578125 0.062500 0.081250
4 0.511719 0.589583 0.057813 0.083333
4 0.581250 0.595833 0.059375 0.087500
4 0.650781 0.597917 0.054688 0.083333
4 0.430469 0.681250 0.057813 0.075000
4 0.503906 0.689583 0.057813 0.079167
4 0.574219 0.697917 0.054688 0.083333
4 0.645312 0.701042 0.053125 0.081250
4 0.428906 0.784375 0.054688 0.072917
4 0.499219 0.788542 0.060937 0.081250
4 0.573438 0.796875 0.050000 0.077083
4 0.640625 0.803125 0.056250 0.077083
4 0.422656 0.890625 0.054688 0.081250
4 0.498437 0.892708 0.056250 0.077083
4 0.567969 0.896875 0.057813 0.089583
2 0.639844 0.906250 0.057813 0.091667
0 0.540625 0.664583 0.334375 0.600000
