2 0.459375 0.289583 0.106250 0.083333
2 0.589063 0.297917 0.106250 0.079167
2 0.456250 0.396875 0.109375 0.085417
2 0.587500 0.402083 0.106250 0.079167
2 0.452344 0.498958 0.107813 0.077083
2 0.581250 0.502083 0.109375 0.079167
2 0.455469 0.602083 0.101562 0.083333
2 0.584375 0.612500 0.103125 0.083333
2 0.445312 0.712500 0.109375 0.079167
2 0.575000 0.715625 0.115625 0.072917
2 0.446875 0.821875 0.109375 0.085417
2 0.576562 0.825000 0.106250 0.083333
0 0.517969 0.583333 0.298438 0.720833
