4 0.526563 0.191667 0.118750 0.108333
4 0.664844 0.276042 0.123438 0.114583
4 0.496875 0.289583 0.118750 0.108333
4 0.634375 0.368750 0.115625 0.108333
4 0.468750 0.381250 0.118750 0.108333
4 0.605469 0.456250 0.114062 0.108333
4 0.438281 0.470833 0.123438 0.104167
4 0.575781 0.545833 0.117188 0.104167
4 0.414062 0.565625 0.121875 0.102083
4 0.547656 0.639583 0.117188 0.104167
4 0.381250 0.660417 0.121875 0.104167
2 0.521094 0.735417 0.117188 0.100000
0 0.529687 0.447917 0.456250 0.750000
