2 0.661719 0.851042 0.048438 0.072917
2 0.667188 0.755208 0.050000 0.068750
4 0.465625 0.331250 0.046875 0.062500
4 0.683594 0.365625 0.051562 0.068750
4 0.538281 0.350000 0.051562 0.070833
4 0.611719 0.358333 0.051562 0.070833
4 0.679688 0.461458 0.050000 0.068750
4 0.606250 0.458333 0.056250 0.070833
4 0.534375 0.448958 0.056250 0.072917
4 0.458594 0.438542 0.054688 0.072917
4 0.675000 0.560417 0.050000 0.062500
4 0.602344 0.553125 0.051562 0.064583
4 0.532031 0.550000 0.054688 0.062500
4 0.455469 0.538542 0.054688 0.064583
4 0.670312 0.656250 0.050000 0.062500
4 0.600000 0.654167 0.050000 0.062500
4 0.452344 0.639583 0.051562 0.066667
4 0.527344 0.646875 0.054688 0.068750
4 0.593750 0.750000 0.046875 0.062500
4 0.448437 0.740625 0.050000 0.064583
4 0.523438 0.746875 0.050000 0.064583
4 0.592187 0.850000 0.046875 0.062500
4 0.517969 0.844792 0.048438 0.064583
4 0.444531 0.842708 0.048438 0.060417
0 0.564844 0.610417 0.339062 0.700000
