4 0.533594 0.398958 0.054688 0.081250
4 0.458594 0.459375 0.057813 0.081250
4 0.377344 0.507292 0.057813 0.081250
4 0.586719 0.539583 0.051562 0.075000
4 0.513281 0.587500 0.054688 0.083333
4 0.432031 0.638542 0.064062 0.085417
4 0.482031 0.776042 0.057813 0.077083
4 0.560156 0.720833 0.051562 0.083333
4 0.635156 0.672917 0.057813 0.079167
4 0.685937 0.804167 0.062500 0.083333
4 0.610938 0.848958 0.056250 0.077083
4 0.532813 0.903125 0.062500 0.072917
0 0.525000 0.632292 0.446875 0.697917
