4 0.296875 0.611458 0.050000 0.135417
4 0.289844 0.810417 0.048438 0.125000
4 0.372656 0.611458 0.057813 0.139583
4 0.454688 0.800000 0.056250 0.137500
4 0.374219 0.802083 0.064062 0.141667
4 0.532031 0.610417 0.051562 0.137500
4 0.456250 0.612500 0.059375 0.141667
4 0.535156 0.796875 0.054688 0.135417
2 0.614062 0.609375 0.056250 0.139583
2 0.692187 0.612500 0.059375 0.145833
2 0.614062 0.801042 0.062500 0.143750
2 0.691406 0.797917 0.067187 0.141667
0 0.472656 0.712500 0.539062 0.425000
