4 0.544531 0.484375 0.054688 0.068750
4 0.469531 0.482292 0.054688 0.068750
4 0.391406 0.476042 0.054688 0.072917
4 0.307812 0.470833 0.056250 0.075000
4 0.466406 0.597917 0.048438 0.066667
4 0.541406 0.603125 0.051562 0.068750
4 0.389844 0.594792 0.051562 0.068750
4 0.309375 0.588542 0.056250 0.072917
4 0.539062 0.714583 0.050000 0.070833
4 0.464062 0.710417 0.050000 0.070833
4 0.389844 0.708333 0.051562 0.070833
4 0.310156 0.707292 0.054688 0.068750
4 0.537500 0.826042 0.050000 0.068750
4 0.462500 0.821875 0.050000 0.068750
4 0.390625 0.817708 0.050000 0.068750
4 0.313281 0.815625 0.054688 0.068750
2 0.549219 0.367708 0.057813 0.072917
2 0.471094 0.362500 0.054688 0.083333
2 0.390625 0.355208 0.062500 0.089583
2 0.304688 0.341667 0.062500 0.104167
0 0.421875 0.595833 0.378125 0.679167
