4 0.543750 0.247917 0.096875 0.108333
4 0.663281 0.365625 0.098437 0.114583
4 0.498437 0.346875 0.096875 0.118750
4 0.622656 0.457292 0.098437 0.110417
4 0.453125 0.439583 0.103125 0.116667
4 0.578125 0.546875 0.103125 0.110417
4 0.408594 0.528125 0.107813 0.118750
4 0.531250 0.634375 0.100000 0.102083
4 0.363281 0.620833 0.107813 0.112500
4 0.316406 0.718750 0.098437 0.112500
4 0.489063 0.726042 0.100000 0.114583
2 0.448437 0.817708 0.131250 0.152083
0 0.471875 0.541667 0.540625 0.812500
