4 0.590625 0.241667 0.093750 0.150000
4 0.660156 0.293750 0.089063 0.154167
4 0.723437 0.345833 0.084375 0.150000
4 0.525781 0.404167 0.085938 0.145833
4 0.588281 0.456250 0.085938 0.145833
4 0.654687 0.510417 0.087500 0.141667
4 0.460156 0.572917 0.085938 0.150000
4 0.530469 0.619792 0.089063 0.139583
4 0.589844 0.665625 0.085938 0.135417
4 0.392188 0.736458 0.081250 0.135417
4 0.459375 0.789583 0.071875 0.129167
4 0.523438 0.830208 0.081250 0.135417
0 0.553906 0.547917 0.482812 0.854167
