4 0.356250 0.648958 0.050000 0.156250
4 0.433594 0.659375 0.039062 0.160417
4 0.510156 0.663542 0.039062 0.156250
4 0.584375 0.672917 0.046875 0.145833
4 0.663281 0.681250 0.039062 0.145833
4 0.739062 0.686458 0.037500 0.147917
4 0.348438 0.855208 0.050000 0.147917
4 0.428906 0.861458 0.042188 0.156250
4 0.502344 0.871875 0.048438 0.160417
4 0.575000 0.866667 0.034375 0.150000
4 0.653125 0.880208 0.046875 0.152083
4 0.728125 0.884375 0.037500 0.147917
0 0.561719 0.767708 0.504687 0.464583
