4 0.531250 0.253125 0.050000 0.072917
4 0.508594 0.394792 0.048438 0.068750
4 0.470313 0.307292 0.050000 0.072917
4 0.446875 0.441667 0.050000 0.070833
4 0.407813 0.357292 0.050000 0.072917
4 0.383594 0.489583 0.054688 0.066667
4 0.337500 0.401042 0.065625 0.072917
4 0.642188 0.508333 0.050000 0.062500
4 0.607812 0.428125 0.050000 0.068750
4 0.583594 0.559375 0.048438 0.060417
4 0.546094 0.479167 0.048438 0.066667
4 0.485156 0.523958 0.048438 0.064583
4 0.422656 0.571875 0.054688 0.064583
4 0.460938 0.656250 0.050000 0.062500
4 0.500781 0.736458 0.048438 0.064583
4 0.539062 0.815625 0.046875 0.064583
4 0.619531 0.643750 0.042188 0.058333
4 0.560937 0.687500 0.050000 0.062500
4 0.598437 0.767708 0.046875 0.064583
4 0.522656 0.608333 0.042188 0.058333
4 0.569531 0.339583 0.048438 0.070833
2 0.679688 0.594792 0.050000 0.068750
2 0.713281 0.669792 0.051562 0.072917
2 0.654687 0.719792 0.046875 0.068750
0 0.532813 0.550000 0.496875 0.754167
