2 0.442969 0.403125 0.060937 0.077083
2 0.540625 0.412500 0.068750 0.083333
2 0.640625 0.415625 0.059375 0.085417
2 0.443750 0.528125 0.062500 0.081250
2 0.537500 0.527083 0.065625 0.083333
2 0.634375 0.527083 0.065625 0.083333
2 0.440625 0.635417 0.068750 0.079167
2 0.533594 0.638542 0.060937 0.085417
2 0.627344 0.642708 0.064062 0.081250
2 0.437500 0.747917 0.065625 0.091667
2 0.531250 0.745833 0.065625 0.091667
2 0.626563 0.756250 0.056250 0.083333
2 0.430469 0.852083 0.064062 0.091667
2 0.530469 0.861458 0.070312 0.093750
2 0.631250 0.862500 0.062500 0.083333
0 0.531250 0.633333 0.321875 0.633333
