4 0.579688 0.311458 0.109375 0.077083
4 0.428125 0.297917 0.118750 0.083333
4 0.576562 0.429167 0.109375 0.075000
4 0.427344 0.410417 0.117188 0.075000
4 0.570312 0.541667 0.109375 0.070833
4 0.424219 0.527083 0.114062 0.075000
4 0.565625 0.648958 0.106250 0.072917
4 0.421875 0.639583 0.109375 0.075000
4 0.418750 0.751042 0.103125 0.060417
2 0.563281 0.756250 0.098437 0.075000
2 0.559375 0.860417 0.093750 0.079167
2 0.418750 0.853125 0.109375 0.089583
0 0.507031 0.541667 0.332813 0.766667
