4 0.712500 0.422917 0.056250 0.083333
4 0.556250 0.328125 0.056250 0.081250
4 0.632031 0.377083 0.057813 0.087500
4 0.668750 0.555208 0.056250 0.072917
4 0.592187 0.512500 0.056250 0.075000
4 0.513281 0.466667 0.057813 0.079167
4 0.473438 0.604167 0.056250 0.070833
4 0.512500 0.773958 0.056250 0.072917
4 0.434375 0.734375 0.059375 0.081250
2 0.552344 0.643750 0.064062 0.083333
2 0.629687 0.683333 0.062500 0.083333
2 0.590625 0.811458 0.062500 0.081250
0 0.568750 0.581250 0.400000 0.687500
