4 0.428906 0.295833 0.085938 0.116667
4 0.533594 0.296875 0.082812 0.114583
4 0.637500 0.298958 0.081250 0.118750
4 0.428125 0.476042 0.078125 0.118750
4 0.532031 0.484375 0.085938 0.118750
4 0.632031 0.484375 0.089063 0.118750
4 0.429688 0.651042 0.081250 0.114583
4 0.533594 0.652083 0.085938 0.120833
4 0.630469 0.655208 0.082812 0.110417
4 0.429688 0.823958 0.075000 0.114583
4 0.530469 0.825000 0.089063 0.120833
4 0.631250 0.823958 0.084375 0.122917
0 0.528906 0.564583 0.339062 0.729167
