4 0.439844 0.345833 0.051562 0.075000
4 0.504687 0.286458 0.056250 0.081250
4 0.373437 0.396875 0.056250 0.072917
4 0.303125 0.446875 0.065625 0.068750
4 0.488281 0.441667 0.054688 0.070833
4 0.552344 0.387500 0.054688 0.075000
4 0.423438 0.496875 0.056250 0.072917
4 0.354687 0.548958 0.056250 0.072917
4 0.533594 0.538542 0.051562 0.064583
4 0.600000 0.483333 0.050000 0.066667
4 0.471094 0.592708 0.054688 0.068750
4 0.403906 0.648958 0.054688 0.068750
4 0.581250 0.634375 0.050000 0.068750
4 0.644531 0.578125 0.051562 0.068750
4 0.517969 0.688542 0.051562 0.068750
4 0.453906 0.742708 0.054688 0.072917
4 0.564844 0.783333 0.051562 0.075000
4 0.502344 0.837500 0.054688 0.075000
2 0.625781 0.730208 0.051562 0.081250
2 0.685937 0.673958 0.059375 0.081250
0 0.485938 0.550000 0.537500 0.745833
