4 0.535156 0.228125 0.067187 0.152083
4 0.462500 0.188542 0.071875 0.164583
4 0.605469 0.257292 0.067187 0.156250
4 0.568750 0.442708 0.065625 0.143750
4 0.499219 0.412500 0.067187 0.145833
4 0.532031 0.614583 0.067187 0.141667
4 0.461719 0.588542 0.067187 0.143750
4 0.425000 0.761458 0.065625 0.143750
4 0.495312 0.789583 0.065625 0.145833
2 0.425781 0.382292 0.070312 0.160417
2 0.388281 0.563542 0.070312 0.156250
2 0.351562 0.736458 0.075000 0.147917
0 0.472656 0.510417 0.395313 0.866667
