4 0.571094 0.238542 0.051562 0.085417
4 0.503906 0.196875 0.057813 0.089583
4 0.636719 0.281250 0.051562 0.079167
4 0.541406 0.339583 0.054688 0.079167
4 0.475781 0.301042 0.057813 0.081250
4 0.607812 0.380208 0.050000 0.072917
4 0.511719 0.433333 0.051562 0.075000
4 0.446875 0.393750 0.056250 0.075000
4 0.578125 0.475000 0.050000 0.070833
4 0.484375 0.531250 0.050000 0.070833
4 0.417969 0.491667 0.054688 0.070833
4 0.548438 0.567708 0.050000 0.068750
4 0.388281 0.586458 0.054688 0.068750
4 0.521094 0.659375 0.048438 0.064583
4 0.456250 0.623958 0.050000 0.064583
4 0.361719 0.680208 0.054688 0.068750
4 0.428906 0.717708 0.051562 0.068750
4 0.333594 0.770833 0.054688 0.066667
2 0.491406 0.748958 0.057813 0.085417
2 0.467187 0.834375 0.050000 0.072917
2 0.403906 0.804167 0.064062 0.075000
0 0.483594 0.514583 0.410938 0.804167
