4 0.535937 0.591667 0.046875 0.066667
4 0.454688 0.585417 0.046875 0.066667
4 0.608594 0.688542 0.048438 0.068750
4 0.456250 0.682292 0.050000 0.068750
4 0.378125 0.679167 0.050000 0.066667
4 0.532031 0.685417 0.048438 0.066667
4 0.530469 0.780208 0.048438 0.064583
4 0.680469 0.785417 0.048438 0.066667
4 0.607031 0.782292 0.048438 0.068750
4 0.528125 0.873958 0.046875 0.064583
4 0.679688 0.883333 0.046875 0.066667
4 0.603125 0.877083 0.046875 0.066667
2 0.611719 0.596875 0.057813 0.072917
2 0.687500 0.598958 0.062500 0.068750
2 0.381250 0.580208 0.050000 0.077083
2 0.685937 0.691667 0.050000 0.066667
2 0.378125 0.772917 0.056250 0.066667
2 0.457031 0.776042 0.054688 0.077083
2 0.451562 0.868750 0.056250 0.066667
2 0.378125 0.869792 0.056250 0.077083
0 0.511719 0.732292 0.457813 0.435417
