4 0.368750 0.711458 0.062500 0.085417
4 0.365625 0.853125 0.062500 0.089583
4 0.533594 0.870833 0.057813 0.070833
4 0.449219 0.865625 0.051562 0.064583
4 0.545312 0.581250 0.059375 0.083333
4 0.539844 0.719792 0.064062 0.085417
2 0.553125 0.437500 0.065625 0.083333
2 0.464844 0.426042 0.067187 0.089583
2 0.372656 0.411458 0.073438 0.093750
2 0.461719 0.571875 0.064062 0.085417
2 0.372656 0.564583 0.070312 0.091667
2 0.455469 0.715625 0.067187 0.081250
0 0.458594 0.616667 0.301563 0.645833
