2 0.510938 0.250000 0.121875 0.079167
2 0.370312 0.227083 0.128125 0.100000
2 0.496094 0.717708 0.120313 0.077083
2 0.360938 0.707292 0.125000 0.077083
2 0.489063 0.832292 0.118750 0.077083
2 0.353906 0.821875 0.120313 0.077083
4 0.367188 0.346875 0.125000 0.068750
4 0.506250 0.364583 0.106250 0.066667
4 0.362500 0.467708 0.118750 0.056250
4 0.504687 0.482292 0.109375 0.056250
4 0.500781 0.604167 0.117188 0.062500
4 0.361719 0.591667 0.120313 0.058333
0 0.434375 0.515625 0.325000 0.852083
