4 0.412500 0.863542 0.034375 0.085417
4 0.414844 0.733333 0.035937 0.087500
4 0.415625 0.605208 0.034375 0.089583
4 0.517188 0.740625 0.034375 0.085417
4 0.521875 0.613542 0.034375 0.089583
4 0.617188 0.747917 0.034375 0.083333
4 0.623437 0.620833 0.034375 0.083333
2 0.305469 0.861458 0.039062 0.085417
2 0.312500 0.730208 0.046875 0.089583
2 0.314063 0.595833 0.050000 0.095833
2 0.611719 0.872917 0.035937 0.087500
2 0.514062 0.865625 0.040625 0.085417
0 0.468750 0.732292 0.493750 0.452083
