4 0.383594 0.386458 0.129688 0.106250
4 0.555469 0.421875 0.110937 0.089583
4 0.579688 0.516667 0.109375 0.083333
4 0.414844 0.486458 0.114062 0.085417
4 0.442188 0.581250 0.109375 0.083333
4 0.463281 0.673958 0.110937 0.077083
4 0.603906 0.610417 0.110937 0.079167
4 0.629687 0.702083 0.109375 0.079167
4 0.489844 0.766667 0.110937 0.079167
4 0.512500 0.860417 0.106250 0.079167
4 0.531250 0.322917 0.112500 0.083333
2 0.653906 0.798958 0.110937 0.097917
0 0.511719 0.580208 0.432812 0.710417
