2 0.403906 0.488542 0.070312 0.097917
2 0.488281 0.414583 0.082812 0.104167
2 0.573438 0.357292 0.078125 0.097917
2 0.623437 0.470833 0.078125 0.104167
2 0.534375 0.535417 0.075000 0.100000
2 0.453125 0.605208 0.081250 0.102083
2 0.503125 0.714583 0.090625 0.120833
2 0.583594 0.646875 0.079687 0.102083
2 0.669531 0.583333 0.082812 0.104167
2 0.552344 0.825000 0.076563 0.104167
2 0.635938 0.765625 0.081250 0.097917
2 0.718750 0.702083 0.084375 0.116667
0 0.569531 0.596875 0.470313 0.685417
