4 0.533594 0.307292 0.057813 0.089583
4 0.614844 0.317708 0.057813 0.089583
4 0.609375 0.425000 0.062500 0.083333
4 0.529687 0.417708 0.062500 0.089583
4 0.446094 0.407292 0.064062 0.085417
4 0.359375 0.397917 0.059375 0.087500
4 0.606250 0.531250 0.062500 0.079167
4 0.525000 0.527083 0.062500 0.079167
4 0.443750 0.517708 0.062500 0.081250
4 0.357812 0.509375 0.065625 0.085417
4 0.600000 0.639583 0.059375 0.075000
4 0.439063 0.625000 0.065625 0.079167
4 0.521875 0.632292 0.062500 0.077083
4 0.354687 0.618750 0.065625 0.079167
4 0.599219 0.744792 0.054688 0.072917
2 0.448437 0.296875 0.065625 0.093750
2 0.367188 0.279167 0.065625 0.104167
2 0.519531 0.737500 0.073438 0.079167
2 0.441406 0.732292 0.073438 0.097917
2 0.350000 0.727083 0.078125 0.079167
0 0.475781 0.589583 0.379688 0.737500
