4 0.525781 0.359375 0.098437 0.102083
4 0.495312 0.442708 0.096875 0.097917
4 0.466406 0.519792 0.095312 0.089583
4 0.435937 0.602083 0.096875 0.087500
4 0.407031 0.684375 0.101562 0.085417
4 0.504687 0.846875 0.093750 0.085417
4 0.564063 0.689583 0.093750 0.087500
4 0.595313 0.611458 0.093750 0.085417
4 0.628125 0.533333 0.090625 0.091667
4 0.657031 0.453125 0.095312 0.093750
2 0.375781 0.761458 0.098437 0.085417
2 0.539062 0.768750 0.093750 0.083333
0 0.514844 0.587500 0.464062 0.745833
