2 0.471094 0.337500 0.057813 0.087500
2 0.392188 0.321875 0.071875 0.089583
2 0.676562 0.867708 0.056250 0.085417
2 0.603906 0.863542 0.057813 0.089583
2 0.365625 0.853125 0.071875 0.085417
2 0.451562 0.855208 0.075000 0.093750
2 0.528125 0.859375 0.062500 0.089583
4 0.682813 0.767708 0.056250 0.072917
4 0.606250 0.763542 0.059375 0.072917
4 0.376563 0.751042 0.062500 0.072917
4 0.454688 0.754167 0.062500 0.079167
4 0.529687 0.757292 0.059375 0.077083
4 0.686719 0.664583 0.057813 0.075000
4 0.611719 0.660417 0.057813 0.075000
4 0.535156 0.654167 0.057813 0.079167
4 0.381250 0.641667 0.059375 0.075000
4 0.460938 0.650000 0.062500 0.079167
4 0.692187 0.562500 0.056250 0.079167
4 0.615625 0.558333 0.059375 0.083333
4 0.464062 0.543750 0.059375 0.083333
4 0.539062 0.552083 0.059375 0.083333
4 0.384375 0.533333 0.062500 0.083333
4 0.696875 0.459375 0.056250 0.081250
4 0.619531 0.454167 0.057813 0.083333
4 0.387500 0.427083 0.059375 0.083333
4 0.543750 0.446875 0.056250 0.085417
4 0.467187 0.439583 0.059375 0.083333
4 0.546094 0.342708 0.051562 0.085417
4 0.700781 0.355208 0.057813 0.089583
4 0.622656 0.346875 0.057813 0.089583
0 0.537500 0.602083 0.446875 0.737500
