2 0.424219 0.581250 0.051562 0.158333
4 0.632812 0.586458 0.046875 0.152083
2 0.276562 0.580208 0.059375 0.156250
2 0.350000 0.580208 0.046875 0.156250
2 0.491406 0.584375 0.048438 0.152083
2 0.566406 0.585417 0.054688 0.154167
2 0.563281 0.782292 0.054688 0.156250
2 0.632812 0.783333 0.050000 0.158333
4 0.490625 0.781250 0.043750 0.154167
4 0.422656 0.778125 0.054688 0.156250
4 0.280469 0.781250 0.057813 0.154167
4 0.353906 0.779167 0.054688 0.158333
0 0.445312 0.682292 0.490625 0.427083
