4 0.406250 0.311458 0.140625 0.106250
4 0.403906 0.422917 0.145313 0.087500
4 0.410938 0.541667 0.146875 0.087500
4 0.408594 0.651042 0.135937 0.072917
4 0.410156 0.759375 0.129688 0.077083
4 0.407031 0.867708 0.132812 0.072917
4 0.589844 0.318750 0.129688 0.079167
4 0.586719 0.431250 0.132812 0.087500
4 0.585938 0.543750 0.128125 0.079167
4 0.586719 0.654167 0.129688 0.087500
4 0.584375 0.763542 0.134375 0.072917
4 0.578906 0.869792 0.132812 0.081250
0 0.502344 0.585417 0.379688 0.804167
