2 0.528125 0.237500 0.125000 0.116667
2 0.418750 0.402083 0.118750 0.083333
2 0.579688 0.435417 0.118750 0.095833
2 0.494531 0.685417 0.110937 0.095833
2 0.467969 0.597917 0.114062 0.100000
2 0.656250 0.712500 0.109375 0.095833
2 0.521875 0.778125 0.121875 0.106250
4 0.383594 0.304167 0.117188 0.104167
4 0.553125 0.335417 0.112500 0.095833
4 0.633594 0.616667 0.110937 0.083333
4 0.607812 0.523958 0.112500 0.085417
4 0.439844 0.498958 0.114062 0.089583
0 0.512500 0.492708 0.443750 0.760417
