4 0.604688 0.426042 0.106250 0.081250
4 0.474219 0.556250 0.104688 0.079167
4 0.490625 0.644792 0.103125 0.081250
4 0.509375 0.735417 0.103125 0.083333
4 0.521875 0.818750 0.103125 0.079167
4 0.636719 0.602083 0.101562 0.079167
4 0.650781 0.691667 0.101562 0.083333
4 0.663281 0.778125 0.101562 0.068750
2 0.450781 0.383333 0.104688 0.075000
2 0.591406 0.339583 0.101562 0.079167
2 0.463281 0.465625 0.098437 0.077083
2 0.621875 0.516667 0.103125 0.075000
0 0.560937 0.581250 0.381250 0.720833
