4 0.394531 0.427083 0.057813 0.079167
4 0.496875 0.431250 0.056250 0.079167
4 0.597656 0.435417 0.057813 0.083333
4 0.589844 0.555208 0.051562 0.077083
4 0.489063 0.550000 0.059375 0.083333
4 0.387500 0.537500 0.059375 0.083333
4 0.382812 0.652083 0.059375 0.079167
4 0.489844 0.661458 0.054688 0.068750
4 0.585938 0.672917 0.050000 0.075000
4 0.582812 0.785417 0.062500 0.075000
4 0.481250 0.776042 0.056250 0.072917
4 0.378125 0.765625 0.056250 0.077083
4 0.371094 0.870833 0.051562 0.079167
4 0.475781 0.882292 0.057813 0.077083
2 0.578125 0.892708 0.059375 0.085417
0 0.490625 0.646875 0.325000 0.635417
