4 0.545312 0.284375 0.096875 0.093750
4 0.685156 0.345833 0.107813 0.087500
4 0.522656 0.368750 0.114062 0.083333
4 0.671094 0.423958 0.110937 0.081250
4 0.653125 0.500000 0.109375 0.091667
4 0.517188 0.450000 0.106250 0.087500
4 0.500000 0.520833 0.103125 0.083333
4 0.641406 0.576042 0.101562 0.085417
4 0.623437 0.652083 0.106250 0.075000
4 0.477344 0.607292 0.110937 0.093750
4 0.469531 0.679167 0.110937 0.075000
4 0.608594 0.730208 0.114062 0.077083
4 0.447656 0.762500 0.135937 0.087500
4 0.592187 0.805208 0.109375 0.081250
4 0.434375 0.832292 0.112500 0.097917
4 0.575000 0.885417 0.118750 0.091667
0 0.562500 0.573958 0.431250 0.777083
