4 0.643750 0.470833 0.050000 0.066667
4 0.571094 0.467708 0.048438 0.068750
4 0.567969 0.572917 0.048438 0.066667
4 0.639844 0.577083 0.048438 0.066667
4 0.635156 0.679167 0.048438 0.066667
4 0.563281 0.671875 0.048438 0.068750
4 0.492969 0.669792 0.048438 0.072917
4 0.419531 0.666667 0.054688 0.066667
4 0.560937 0.775000 0.046875 0.066667
4 0.490625 0.772917 0.050000 0.066667
4 0.416406 0.773958 0.051562 0.068750
4 0.489063 0.878125 0.046875 0.064583
4 0.414062 0.879167 0.050000 0.066667
2 0.496094 0.463542 0.051562 0.072917
2 0.421875 0.455208 0.062500 0.077083
2 0.495312 0.568750 0.059375 0.075000
2 0.422656 0.561458 0.054688 0.085417
2 0.632812 0.779167 0.046875 0.075000
2 0.628125 0.881250 0.050000 0.083333
2 0.558594 0.873958 0.054688 0.077083
0 0.527344 0.642708 0.339062 0.622917
