2 0.520312 0.688542 0.062500 0.089583
2 0.600781 0.693750 0.064062 0.083333
2 0.592187 0.831250 0.059375 0.079167
2 0.424219 0.818750 0.057813 0.079167
2 0.509375 0.825000 0.065625 0.083333
4 0.614844 0.413542 0.057813 0.085417
4 0.530469 0.401042 0.064062 0.089583
4 0.444531 0.386458 0.064062 0.089583
4 0.524219 0.543750 0.064062 0.075000
4 0.607812 0.552083 0.059375 0.079167
4 0.437500 0.536458 0.059375 0.081250
4 0.433594 0.683333 0.057813 0.070833
0 0.519531 0.623958 0.301563 0.643750
