4 0.344531 0.616667 0.048438 0.066667
4 0.429688 0.631250 0.043750 0.058333
4 0.519531 0.638542 0.045312 0.068750
4 0.607812 0.639583 0.040625 0.062500
4 0.694531 0.651042 0.051562 0.068750
4 0.345313 0.758333 0.046875 0.062500
4 0.427344 0.760417 0.039062 0.066667
4 0.517188 0.773958 0.046875 0.064583
4 0.600000 0.782292 0.050000 0.068750
4 0.685156 0.791667 0.054688 0.066667
4 0.342187 0.897917 0.046875 0.066667
4 0.431250 0.902083 0.053125 0.070833
4 0.514062 0.907292 0.050000 0.068750
4 0.597656 0.913542 0.042188 0.072917
4 0.681250 0.916667 0.046875 0.066667
0 0.531250 0.775000 0.490625 0.433333
