2 0.655469 0.278125 0.110937 0.093750
2 0.510156 0.265625 0.114062 0.093750
2 0.653906 0.393750 0.110937 0.083333
2 0.509375 0.385417 0.109375 0.087500
2 0.507031 0.818750 0.110937 0.079167
2 0.650000 0.818750 0.118750 0.079167
4 0.649219 0.495833 0.110937 0.070833
4 0.510156 0.493750 0.104688 0.075000
4 0.507812 0.605208 0.106250 0.072917
4 0.647656 0.606250 0.104688 0.075000
4 0.646875 0.715625 0.103125 0.081250
4 0.507031 0.708333 0.104688 0.079167
0 0.575000 0.563542 0.325000 0.764583
