2 0.363281 0.415625 0.070312 0.085417
4 0.443750 0.422917 0.062500 0.083333
4 0.517188 0.427083 0.062500 0.083333
4 0.596875 0.430208 0.059375 0.089583
4 0.358594 0.527083 0.067187 0.087500
4 0.435156 0.538542 0.064062 0.085417
4 0.510938 0.544792 0.059375 0.085417
4 0.590625 0.547917 0.062500 0.075000
4 0.353906 0.639583 0.057813 0.087500
4 0.432031 0.654167 0.057813 0.083333
4 0.506250 0.657292 0.056250 0.081250
4 0.581250 0.662500 0.053125 0.075000
4 0.353125 0.757292 0.056250 0.077083
4 0.429688 0.767708 0.062500 0.089583
4 0.503125 0.767708 0.059375 0.081250
4 0.578125 0.772917 0.056250 0.083333
4 0.349219 0.875000 0.057813 0.083333
4 0.425781 0.877083 0.057813 0.087500
4 0.500000 0.882292 0.062500 0.081250
4 0.575781 0.884375 0.057813 0.081250
0 0.468750 0.623958 0.359375 0.652083
