4 0.382031 0.365625 0.126562 0.072917
4 0.385937 0.753125 0.118750 0.052083
4 0.385156 0.656250 0.126562 0.062500
4 0.387500 0.561458 0.125000 0.064583
4 0.382812 0.463542 0.125000 0.072917
4 0.538281 0.754167 0.110937 0.058333
4 0.539062 0.839583 0.112500 0.062500
2 0.392969 0.845833 0.120313 0.075000
2 0.535156 0.367708 0.114062 0.072917
2 0.535937 0.462500 0.118750 0.075000
2 0.535937 0.560417 0.118750 0.066667
2 0.538281 0.655208 0.110937 0.068750
0 0.460938 0.596875 0.331250 0.635417
