4 0.392188 0.311458 0.093750 0.056250
4 0.549219 0.338542 0.089063 0.052083
4 0.540625 0.419792 0.093750 0.052083
4 0.388281 0.398958 0.095312 0.056250
4 0.535937 0.501042 0.090625 0.052083
4 0.384375 0.480208 0.093750 0.052083
4 0.529687 0.582292 0.090625 0.047917
4 0.377344 0.559375 0.095312 0.052083
4 0.525781 0.659375 0.089063 0.047917
4 0.374219 0.642708 0.095312 0.052083
4 0.521094 0.738542 0.089063 0.047917
4 0.371875 0.721875 0.093750 0.052083
4 0.514844 0.813542 0.089063 0.047917
4 0.365625 0.803125 0.093750 0.047917
4 0.510156 0.894792 0.085938 0.043750
2 0.368750 0.876042 0.103125 0.064583
0 0.453906 0.584375 0.354687 0.739583
