4 0.377344 0.451042 0.051562 0.064583
4 0.477344 0.388542 0.048438 0.060417
4 0.562500 0.323958 0.053125 0.077083
4 0.606250 0.429167 0.050000 0.070833
4 0.642969 0.541667 0.051562 0.070833
4 0.550000 0.603125 0.046875 0.060417
4 0.508594 0.502083 0.051562 0.058333
4 0.419531 0.558333 0.045312 0.050000
4 0.457031 0.658333 0.048438 0.062500
4 0.493750 0.759375 0.050000 0.060417
4 0.531250 0.862500 0.046875 0.066667
4 0.589063 0.711458 0.053125 0.064583
4 0.682031 0.652083 0.057813 0.075000
4 0.721875 0.753125 0.053125 0.060417
4 0.622656 0.816667 0.051562 0.062500
0 0.555469 0.608333 0.464062 0.729167
