4 0.567969 0.369792 0.114062 0.060417
4 0.414844 0.457292 0.117188 0.064583
4 0.410156 0.554167 0.117188 0.062500
4 0.405469 0.658333 0.120313 0.054167
4 0.403125 0.758333 0.115625 0.054167
4 0.396094 0.858333 0.117188 0.054167
4 0.557031 0.666667 0.110937 0.054167
4 0.553125 0.768750 0.118750 0.054167
4 0.550781 0.865625 0.114062 0.052083
2 0.423438 0.360417 0.128125 0.083333
2 0.565625 0.472917 0.118750 0.079167
2 0.560156 0.569792 0.120313 0.081250
0 0.492188 0.631250 0.334375 0.670833
