2 0.524219 0.379167 0.129688 0.091667
2 0.373437 0.368750 0.137500 0.100000
2 0.522656 0.480208 0.129688 0.089583
2 0.374219 0.468750 0.142187 0.091667
2 0.510156 0.580208 0.126562 0.085417
2 0.363281 0.568750 0.145313 0.091667
2 0.509375 0.681250 0.128125 0.079167
2 0.367188 0.670833 0.140625 0.079167
2 0.512500 0.772917 0.125000 0.095833
2 0.361719 0.770833 0.142187 0.083333
2 0.355469 0.866667 0.129688 0.075000
2 0.507812 0.872917 0.125000 0.104167
0 0.441406 0.601042 0.332813 0.668750
