4 0.326562 0.360417 0.125000 0.062500
4 0.330469 0.473958 0.129688 0.093750
4 0.480469 0.470833 0.114062 0.054167
4 0.482031 0.568750 0.117188 0.062500
4 0.478906 0.664583 0.114062 0.058333
4 0.478125 0.761458 0.112500 0.052083
4 0.475781 0.853125 0.110937 0.047917
2 0.486719 0.370833 0.120313 0.075000
2 0.331250 0.563542 0.121875 0.072917
2 0.332813 0.653125 0.125000 0.072917
2 0.329688 0.754167 0.125000 0.075000
2 0.327344 0.841667 0.120313 0.079167
0 0.402344 0.614583 0.342187 0.650000
