4 0.535156 0.325000 0.051562 0.083333
4 0.607031 0.329167 0.054688 0.079167
4 0.602344 0.461458 0.054688 0.072917
4 0.532031 0.455208 0.054688 0.072917
4 0.457031 0.445833 0.054688 0.075000
4 0.525000 0.582292 0.050000 0.068750
4 0.453906 0.575000 0.051562 0.066667
4 0.595313 0.586458 0.050000 0.068750
4 0.589063 0.716667 0.050000 0.066667
4 0.519531 0.709375 0.051562 0.068750
4 0.447656 0.703125 0.051562 0.072917
4 0.372656 0.698958 0.054688 0.072917
4 0.367969 0.830208 0.054688 0.072917
4 0.443750 0.833333 0.050000 0.066667
2 0.462500 0.315625 0.056250 0.077083
2 0.389062 0.309375 0.065625 0.085417
2 0.382031 0.439583 0.057813 0.083333
2 0.378125 0.570833 0.056250 0.087500
2 0.585938 0.837500 0.059375 0.079167
2 0.514062 0.833333 0.056250 0.079167
0 0.485156 0.585417 0.345313 0.708333
