2 0.539844 0.300000 0.101562 0.079167
4 0.377344 0.283333 0.095312 0.054167
4 0.531250 0.386458 0.090625 0.052083
4 0.376563 0.371875 0.096875 0.056250
4 0.529687 0.467708 0.090625 0.047917
4 0.375000 0.454167 0.090625 0.054167
4 0.525781 0.548958 0.095312 0.052083
4 0.375000 0.536458 0.093750 0.052083
4 0.521875 0.628125 0.090625 0.047917
4 0.374219 0.617708 0.095312 0.052083
4 0.373437 0.697917 0.090625 0.045833
4 0.519531 0.707292 0.089063 0.047917
4 0.367969 0.772917 0.095312 0.045833
4 0.517969 0.782292 0.089063 0.047917
4 0.513281 0.859375 0.089063 0.047917
4 0.359375 0.852083 0.090625 0.045833
0 0.450781 0.586458 0.348438 0.735417
