4 0.388281 0.210417 0.057813 0.166667
4 0.466406 0.227083 0.054688 0.162500
4 0.542969 0.236458 0.054688 0.156250
4 0.533594 0.430208 0.054688 0.152083
4 0.460156 0.420833 0.057813 0.150000
4 0.525781 0.612500 0.054688 0.141667
4 0.451562 0.606250 0.056250 0.145833
4 0.374219 0.597917 0.057813 0.154167
4 0.517969 0.792708 0.054688 0.143750
4 0.367969 0.784375 0.051562 0.147917
4 0.444531 0.789583 0.051562 0.145833
2 0.382031 0.417708 0.064062 0.156250
0 0.455469 0.520833 0.285938 0.845833
