2 0.452344 0.271875 0.120313 0.114583
2 0.598437 0.351042 0.125000 0.118750
2 0.496094 0.722917 0.117188 0.100000
2 0.476562 0.816667 0.112500 0.108333
4 0.428125 0.362500 0.118750 0.095833
4 0.571094 0.440625 0.114062 0.089583
4 0.545312 0.533333 0.112500 0.087500
4 0.521875 0.635417 0.121875 0.100000
4 0.403906 0.460417 0.120313 0.095833
4 0.380469 0.563542 0.132812 0.106250
4 0.348438 0.655208 0.121875 0.089583
4 0.321875 0.753125 0.125000 0.085417
0 0.454688 0.561458 0.459375 0.764583
