4 0.490625 0.342708 0.065625 0.081250
4 0.571875 0.347917 0.062500 0.087500
4 0.652344 0.358333 0.057813 0.087500
4 0.732812 0.365625 0.065625 0.089583
4 0.483594 0.451042 0.060937 0.085417
4 0.565625 0.460417 0.062500 0.083333
4 0.647656 0.467708 0.057813 0.081250
4 0.725781 0.470833 0.060937 0.083333
4 0.481250 0.560417 0.059375 0.083333
4 0.562500 0.564583 0.059375 0.083333
4 0.642969 0.571875 0.064062 0.085417
4 0.722656 0.580208 0.060937 0.081250
4 0.478125 0.664583 0.062500 0.083333
4 0.558594 0.671875 0.060937 0.081250
4 0.639844 0.679167 0.067187 0.083333
4 0.717187 0.684375 0.062500 0.089583
4 0.473438 0.767708 0.062500 0.085417
4 0.555469 0.775000 0.060937 0.083333
4 0.634375 0.783333 0.062500 0.079167
4 0.713281 0.787500 0.057813 0.079167
4 0.470313 0.875000 0.056250 0.079167
4 0.550781 0.879167 0.057813 0.075000
4 0.628906 0.883333 0.057813 0.083333
4 0.709375 0.889583 0.056250 0.083333
0 0.601562 0.638542 0.356250 0.702083
