4 0.412500 0.366667 0.093750 0.054167
4 0.560156 0.463542 0.089063 0.047917
4 0.411719 0.451042 0.095312 0.052083
4 0.407813 0.532292 0.096875 0.052083
4 0.554688 0.544792 0.093750 0.047917
4 0.406250 0.615625 0.093750 0.047917
4 0.406250 0.697917 0.093750 0.045833
2 0.416406 0.290625 0.104688 0.089583
2 0.566406 0.310417 0.098437 0.062500
2 0.564063 0.391667 0.096875 0.062500
2 0.553125 0.627083 0.090625 0.062500
2 0.553125 0.705208 0.093750 0.072917
2 0.544531 0.858333 0.089063 0.058333
2 0.550000 0.781250 0.090625 0.062500
2 0.399219 0.768750 0.095312 0.083333
2 0.397656 0.852083 0.104688 0.062500
0 0.478906 0.576042 0.332813 0.731250
