4 0.465625 0.281250 0.134375 0.083333
4 0.641406 0.284375 0.123438 0.085417
4 0.460156 0.395833 0.123438 0.079167
4 0.638281 0.400000 0.117188 0.062500
4 0.457031 0.503125 0.117188 0.060417
4 0.633594 0.512500 0.120313 0.062500
4 0.453906 0.609375 0.117188 0.068750
4 0.638281 0.621875 0.117188 0.056250
4 0.460156 0.717708 0.117188 0.068750
4 0.628906 0.727083 0.120313 0.087500
4 0.458594 0.825000 0.120313 0.062500
4 0.631250 0.832292 0.109375 0.060417
0 0.543750 0.532292 0.368750 0.797917
