2 0.548438 0.827083 0.062500 0.079167
2 0.623437 0.829167 0.059375 0.075000
4 0.650000 0.304167 0.050000 0.083333
4 0.567187 0.294792 0.059375 0.085417
4 0.484375 0.284375 0.062500 0.089583
4 0.399219 0.273958 0.064062 0.093750
4 0.640625 0.413542 0.059375 0.081250
4 0.562500 0.406250 0.062500 0.083333
4 0.481250 0.395833 0.059375 0.083333
4 0.398438 0.386458 0.062500 0.085417
4 0.636719 0.522917 0.057813 0.075000
4 0.557813 0.514583 0.059375 0.079167
4 0.476562 0.506250 0.059375 0.079167
4 0.396094 0.496875 0.064062 0.081250
4 0.630469 0.626042 0.057813 0.072917
4 0.553125 0.618750 0.059375 0.075000
4 0.392188 0.603125 0.062500 0.077083
4 0.475000 0.612500 0.062500 0.079167
4 0.627344 0.730208 0.057813 0.072917
4 0.550000 0.722917 0.056250 0.075000
4 0.389062 0.712500 0.059375 0.075000
4 0.471875 0.716667 0.059375 0.079167
4 0.467187 0.822917 0.056250 0.070833
4 0.386719 0.819792 0.051562 0.064583
0 0.519531 0.571875 0.351562 0.706250
