4 0.453125 0.296875 0.168750 0.106250
4 0.636719 0.308333 0.132812 0.079167
4 0.466406 0.427083 0.148438 0.087500
4 0.639062 0.431250 0.156250 0.079167
4 0.454688 0.547917 0.156250 0.070833
4 0.640625 0.554167 0.128125 0.075000
4 0.460938 0.669792 0.143750 0.072917
4 0.638281 0.669792 0.139063 0.072917
4 0.460938 0.792708 0.137500 0.077083
4 0.640625 0.791667 0.140625 0.079167
4 0.465625 0.906250 0.137500 0.083333
4 0.635938 0.904167 0.128125 0.083333
0 0.544531 0.590625 0.401562 0.802083
