2 0.395313 0.285417 0.103125 0.095833
2 0.523438 0.407292 0.093750 0.085417
2 0.527344 0.301042 0.098437 0.089583
2 0.391406 0.392708 0.098437 0.093750
2 0.390625 0.506250 0.096875 0.083333
2 0.388281 0.607292 0.101562 0.085417
2 0.521875 0.507292 0.093750 0.072917
2 0.517188 0.620833 0.093750 0.075000
2 0.386719 0.718750 0.101562 0.079167
2 0.380469 0.819792 0.104688 0.085417
2 0.517969 0.725000 0.101562 0.075000
2 0.512500 0.830208 0.103125 0.081250
0 0.447656 0.577083 0.301563 0.725000
