4 0.560937 0.412500 0.056250 0.070833
4 0.482812 0.325000 0.059375 0.075000
4 0.639062 0.493750 0.056250 0.070833
4 0.501563 0.523958 0.056250 0.068750
4 0.420312 0.438542 0.059375 0.072917
4 0.575781 0.603125 0.054688 0.064583
4 0.440625 0.632292 0.056250 0.064583
4 0.359375 0.546875 0.062500 0.072917
4 0.516406 0.707292 0.054688 0.064583
4 0.296875 0.661458 0.065625 0.068750
2 0.458594 0.810417 0.057813 0.075000
2 0.382031 0.733333 0.064062 0.075000
0 0.469531 0.545833 0.517188 0.720833
