2 0.356250 0.438542 0.078125 0.093750
2 0.453906 0.441667 0.067187 0.091667
2 0.547656 0.451042 0.070312 0.106250
2 0.350781 0.567708 0.073438 0.102083
2 0.542969 0.582292 0.073438 0.102083
2 0.443750 0.570833 0.071875 0.104167
2 0.443750 0.700000 0.071875 0.087500
2 0.537500 0.709375 0.071875 0.089583
2 0.354687 0.692708 0.075000 0.102083
2 0.536719 0.833333 0.073438 0.091667
2 0.348438 0.818750 0.078125 0.091667
2 0.439844 0.828125 0.073438 0.097917
0 0.448437 0.648958 0.315625 0.585417
