4 0.464062 0.435417 0.050000 0.066667
4 0.396094 0.376042 0.054688 0.072917
4 0.528906 0.488542 0.048438 0.064583
4 0.591406 0.540625 0.048438 0.064583
4 0.424219 0.526042 0.048438 0.068750
4 0.355469 0.470833 0.054688 0.070833
4 0.551562 0.631250 0.046875 0.062500
4 0.489844 0.580208 0.048438 0.064583
4 0.314844 0.565625 0.054688 0.068750
4 0.512500 0.717708 0.046875 0.060417
4 0.450781 0.667708 0.048438 0.064583
4 0.384375 0.620833 0.046875 0.062500
4 0.275781 0.658333 0.054688 0.070833
4 0.473438 0.803125 0.046875 0.064583
4 0.412500 0.757292 0.046875 0.064583
4 0.346094 0.708333 0.048438 0.062500
2 0.439063 0.280208 0.056250 0.089583
2 0.627344 0.450000 0.051562 0.070833
2 0.566406 0.400000 0.051562 0.075000
4 0.505469 0.343750 0.048438 0.070833
0 0.436719 0.554167 0.495312 0.712500
