4 0.404687 0.478125 0.109375 0.097917
4 0.531250 0.413542 0.109375 0.093750
4 0.564063 0.518750 0.112500 0.095833
4 0.437500 0.586458 0.112500 0.097917
4 0.597656 0.626042 0.104688 0.102083
4 0.470313 0.692708 0.109375 0.097917
4 0.634375 0.734375 0.100000 0.097917
4 0.507031 0.802083 0.104688 0.087500
2 0.340625 0.248958 0.118750 0.106250
2 0.471094 0.187500 0.120313 0.104167
2 0.380469 0.375000 0.120313 0.108333
2 0.503906 0.308333 0.114062 0.100000
0 0.487500 0.481250 0.515625 0.904167
