2 0.453906 0.382292 0.051562 0.064583
2 0.527344 0.387500 0.051562 0.066667
2 0.600781 0.395833 0.051562 0.070833
2 0.377344 0.365625 0.051562 0.072917
2 0.595313 0.491667 0.050000 0.062500
2 0.453125 0.482292 0.050000 0.064583
2 0.377344 0.469792 0.054688 0.068750
2 0.521875 0.488542 0.059375 0.064583
2 0.577344 0.877083 0.048438 0.070833
2 0.510156 0.868750 0.051562 0.070833
4 0.591406 0.591667 0.048438 0.058333
4 0.519531 0.588542 0.051562 0.060417
4 0.374219 0.572917 0.051562 0.062500
4 0.447656 0.581250 0.051562 0.062500
4 0.586719 0.688542 0.048438 0.060417
4 0.516406 0.685417 0.048438 0.062500
4 0.445312 0.678125 0.050000 0.060417
4 0.369531 0.672917 0.051562 0.062500
4 0.579688 0.785417 0.046875 0.058333
4 0.513281 0.779167 0.048438 0.058333
4 0.440625 0.776042 0.050000 0.060417
4 0.366406 0.770833 0.048438 0.058333
4 0.438281 0.870833 0.048438 0.058333
4 0.365625 0.870833 0.050000 0.058333
0 0.483594 0.594792 0.342187 0.706250
