4 0.519531 0.137500 0.114062 0.120833
4 0.642188 0.254167 0.109375 0.125000
4 0.480469 0.216667 0.114062 0.133333
4 0.441406 0.298958 0.120313 0.131250
4 0.568750 0.413542 0.109375 0.118750
4 0.400000 0.377083 0.112500 0.125000
4 0.528906 0.494792 0.107813 0.122917
4 0.361719 0.462500 0.117188 0.125000
4 0.321875 0.542708 0.118750 0.122917
4 0.492188 0.579167 0.118750 0.129167
4 0.449219 0.655208 0.117188 0.122917
2 0.606250 0.334375 0.106250 0.122917
0 0.490625 0.402083 0.500000 0.720833
