4 0.569531 0.363542 0.104688 0.068750
4 0.720313 0.381250 0.103125 0.058333
4 0.718750 0.458333 0.103125 0.058333
4 0.559375 0.444792 0.096875 0.056250
4 0.562500 0.525000 0.093750 0.062500
4 0.709375 0.539583 0.100000 0.062500
4 0.707031 0.619792 0.085938 0.064583
4 0.555469 0.602083 0.095312 0.058333
4 0.550781 0.685417 0.095312 0.058333
4 0.699219 0.695833 0.095312 0.062500
4 0.698438 0.780208 0.084375 0.056250
4 0.687500 0.860417 0.096875 0.054167
4 0.550000 0.846875 0.090625 0.060417
4 0.551562 0.766667 0.103125 0.066667
4 0.548438 0.922917 0.093750 0.054167
4 0.691406 0.935417 0.092188 0.058333
0 0.626563 0.632292 0.340625 0.714583
