4 0.317969 0.554167 0.070312 0.083333
4 0.321875 0.659375 0.062500 0.077083
4 0.325781 0.762500 0.073438 0.075000
4 0.401562 0.863542 0.059375 0.089583
4 0.480469 0.873958 0.051562 0.077083
4 0.569531 0.882292 0.057813 0.085417
4 0.651563 0.885417 0.059375 0.087500
4 0.655469 0.778125 0.064062 0.077083
4 0.661719 0.684375 0.054688 0.085417
4 0.660937 0.577083 0.059375 0.100000
4 0.577344 0.579167 0.064062 0.095833
4 0.496094 0.576042 0.073438 0.085417
4 0.407031 0.566667 0.067187 0.087500
4 0.404687 0.669792 0.059375 0.085417
4 0.492188 0.676042 0.059375 0.064583
4 0.575781 0.686458 0.064062 0.077083
4 0.403906 0.768750 0.048438 0.062500
4 0.487500 0.771875 0.050000 0.064583
4 0.571875 0.780208 0.050000 0.068750
2 0.320312 0.863542 0.065625 0.068750
0 0.474219 0.722917 0.479687 0.475000
