4 0.596094 0.641667 0.048438 0.137500
4 0.399219 0.584375 0.048438 0.131250
4 0.470313 0.603125 0.056250 0.131250
4 0.533594 0.623958 0.051562 0.139583
4 0.371094 0.775000 0.051562 0.129167
4 0.438281 0.793750 0.051562 0.129167
4 0.502344 0.811458 0.048438 0.127083
4 0.568750 0.827083 0.050000 0.129167
4 0.638281 0.844792 0.048438 0.135417
4 0.702344 0.864583 0.042188 0.125000
4 0.727344 0.678125 0.051562 0.127083
2 0.664062 0.655208 0.046875 0.131250
0 0.542188 0.722917 0.531250 0.504167
