4 0.539844 0.408333 0.054688 0.075000
4 0.459375 0.402083 0.056250 0.075000
4 0.379688 0.391667 0.056250 0.079167
4 0.292187 0.380208 0.059375 0.081250
4 0.457031 0.523958 0.054688 0.072917
4 0.535156 0.528125 0.054688 0.072917
4 0.378906 0.514583 0.054688 0.075000
4 0.292187 0.505208 0.059375 0.072917
4 0.530469 0.642708 0.051562 0.072917
4 0.453906 0.639583 0.054688 0.075000
4 0.377344 0.631250 0.054688 0.075000
4 0.293750 0.628125 0.056250 0.072917
4 0.525781 0.756250 0.051562 0.075000
4 0.451562 0.752083 0.050000 0.070833
4 0.375781 0.745833 0.054688 0.075000
4 0.292969 0.743750 0.057813 0.075000
2 0.519531 0.870833 0.051562 0.091667
2 0.445312 0.865625 0.062500 0.085417
2 0.292969 0.852083 0.070312 0.079167
2 0.372656 0.855208 0.064062 0.089583
0 0.417187 0.600000 0.381250 0.691667
