2 0.326562 0.452083 0.081250 0.100000
2 0.532813 0.456250 0.078125 0.104167
2 0.432031 0.455208 0.079687 0.102083
2 0.532813 0.593750 0.071875 0.108333
2 0.432812 0.587500 0.071875 0.100000
2 0.331250 0.587500 0.081250 0.091667
2 0.532031 0.720833 0.067187 0.104167
2 0.338281 0.715625 0.070312 0.093750
2 0.435156 0.726042 0.073438 0.106250
2 0.531250 0.846875 0.075000 0.089583
2 0.434375 0.848958 0.071875 0.093750
2 0.343750 0.847917 0.075000 0.100000
0 0.431250 0.622917 0.331250 0.595833
