4 0.467187 0.444792 0.109375 0.060417
4 0.469531 0.340625 0.110937 0.064583
4 0.464062 0.546875 0.103125 0.052083
4 0.460156 0.643750 0.104688 0.054167
4 0.457031 0.743750 0.101562 0.050000
4 0.454688 0.843750 0.103125 0.050000
4 0.635156 0.560417 0.104688 0.058333
4 0.636719 0.462500 0.104688 0.054167
4 0.627344 0.659375 0.095312 0.047917
4 0.623437 0.755208 0.096875 0.047917
4 0.617969 0.851042 0.095312 0.043750
2 0.640625 0.365625 0.112500 0.068750
0 0.546875 0.605208 0.350000 0.693750
