2 0.406250 0.470833 0.081250 0.104167
2 0.507031 0.475000 0.079687 0.091667
2 0.603125 0.483333 0.078125 0.108333
2 0.403906 0.601042 0.076563 0.097917
2 0.500000 0.608333 0.071875 0.116667
2 0.597656 0.618750 0.073438 0.100000
2 0.404687 0.728125 0.075000 0.097917
2 0.498437 0.738542 0.078125 0.106250
2 0.588281 0.737500 0.070312 0.095833
2 0.409375 0.852083 0.075000 0.104167
2 0.496094 0.857292 0.070312 0.089583
2 0.588281 0.859375 0.070312 0.093750
0 0.506250 0.645833 0.321875 0.591667
