2 0.348438 0.407292 0.056250 0.085417
2 0.542188 0.407292 0.059375 0.081250
2 0.442188 0.408333 0.056250 0.083333
2 0.349219 0.525000 0.054688 0.079167
2 0.447656 0.523958 0.054688 0.072917
2 0.543750 0.525000 0.056250 0.075000
2 0.349219 0.633333 0.054688 0.075000
2 0.442969 0.636458 0.057813 0.072917
2 0.543750 0.637500 0.059375 0.070833
2 0.343750 0.744792 0.062500 0.072917
2 0.443750 0.746875 0.059375 0.072917
2 0.541406 0.747917 0.057813 0.075000
2 0.340625 0.857292 0.056250 0.072917
2 0.442969 0.858333 0.057813 0.079167
2 0.542188 0.858333 0.059375 0.079167
0 0.435937 0.630208 0.309375 0.631250
