2 0.424219 0.437500 0.082812 0.108333
2 0.520312 0.436458 0.068750 0.106250
2 0.617188 0.443750 0.078125 0.112500
2 0.422656 0.558333 0.073438 0.104167
2 0.513281 0.568750 0.070312 0.108333
2 0.614062 0.579167 0.078125 0.112500
2 0.420312 0.693750 0.065625 0.100000
2 0.511719 0.705208 0.079687 0.102083
2 0.608594 0.712500 0.073438 0.104167
2 0.410156 0.820833 0.085938 0.108333
2 0.505469 0.817708 0.073438 0.110417
2 0.599219 0.825000 0.070312 0.104167
0 0.516406 0.652083 0.326562 0.604167
