4 0.520312 0.446875 0.065625 0.060417
4 0.622656 0.455208 0.064062 0.056250
4 0.717187 0.455208 0.071875 0.047917
4 0.711719 0.595833 0.067187 0.058333
4 0.614844 0.586458 0.073438 0.060417
4 0.515625 0.579167 0.065625 0.062500
4 0.512500 0.719792 0.065625 0.064583
4 0.610938 0.730208 0.078125 0.064583
4 0.709375 0.723958 0.075000 0.064583
4 0.700781 0.864583 0.067187 0.066667
4 0.605469 0.856250 0.057813 0.050000
4 0.506250 0.860417 0.065625 0.045833
0 0.614844 0.671875 0.335938 0.639583
