2 0.402344 0.388542 0.114062 0.085417
2 0.408594 0.279167 0.114062 0.095833
2 0.532031 0.847917 0.101562 0.091667
2 0.391406 0.834375 0.117188 0.085417
4 0.550781 0.407292 0.104688 0.064583
4 0.557813 0.300000 0.106250 0.083333
4 0.544531 0.515625 0.104688 0.072917
4 0.399219 0.502083 0.114062 0.075000
4 0.541406 0.626042 0.104688 0.072917
4 0.393750 0.612500 0.112500 0.079167
4 0.536719 0.735417 0.104688 0.079167
4 0.391406 0.725000 0.110937 0.083333
0 0.464844 0.581250 0.348438 0.770833
