2 0.523438 0.334375 0.059375 0.085417
2 0.435156 0.393750 0.054688 0.083333
2 0.342187 0.448958 0.050000 0.081250
2 0.560156 0.445833 0.057813 0.083333
2 0.472656 0.502083 0.057813 0.075000
2 0.382812 0.556250 0.059375 0.075000
2 0.596875 0.552083 0.059375 0.079167
2 0.506250 0.604167 0.056250 0.070833
2 0.451562 0.752083 0.059375 0.062500
2 0.418750 0.657292 0.059375 0.068750
2 0.482812 0.859375 0.062500 0.072917
2 0.541406 0.704167 0.057813 0.075000
2 0.573438 0.804167 0.056250 0.075000
2 0.657813 0.755208 0.050000 0.081250
2 0.625781 0.654167 0.051562 0.079167
0 0.499219 0.587500 0.442188 0.720833
