4 0.478125 0.229167 0.071875 0.108333
4 0.628906 0.234375 0.073438 0.097917
4 0.480469 0.378125 0.073438 0.093750
4 0.627344 0.379167 0.079687 0.104167
4 0.478906 0.519792 0.073438 0.097917
4 0.626563 0.523958 0.078125 0.102083
4 0.482031 0.656250 0.073438 0.100000
4 0.621875 0.664583 0.059375 0.095833
4 0.482031 0.791667 0.076563 0.100000
4 0.621094 0.793750 0.073438 0.100000
4 0.482812 0.916667 0.078125 0.100000
4 0.619531 0.927083 0.070312 0.100000
0 0.546094 0.542708 0.307812 0.897917
