4 0.481250 0.396875 0.056250 0.072917
4 0.476562 0.516667 0.062500 0.066667
4 0.471094 0.636458 0.051562 0.077083
4 0.466406 0.759375 0.051562 0.064583
4 0.464844 0.881250 0.054688 0.066667
4 0.577344 0.769792 0.051562 0.068750
4 0.578906 0.651042 0.048438 0.072917
4 0.568750 0.882292 0.040625 0.072917
4 0.671094 0.887500 0.042188 0.058333
4 0.677344 0.775000 0.054688 0.066667
4 0.686719 0.659375 0.042188 0.077083
4 0.693750 0.542708 0.053125 0.068750
4 0.589063 0.527083 0.046875 0.062500
4 0.589063 0.412500 0.053125 0.066667
4 0.695312 0.428125 0.059375 0.077083
0 0.575781 0.660417 0.342187 0.658333
