4 0.550781 0.419792 0.098437 0.089583
4 0.440625 0.584375 0.096875 0.085417
4 0.607812 0.589583 0.096875 0.083333
4 0.471094 0.668750 0.101562 0.083333
4 0.497656 0.752083 0.095312 0.083333
4 0.634375 0.675000 0.096875 0.083333
4 0.662500 0.756250 0.096875 0.079167
4 0.525000 0.836458 0.096875 0.085417
2 0.525781 0.333333 0.101562 0.100000
2 0.388281 0.415625 0.101562 0.085417
2 0.417187 0.497917 0.103125 0.087500
2 0.581250 0.507292 0.103125 0.093750
0 0.532813 0.586458 0.465625 0.768750
