2 0.446094 0.381250 0.107813 0.075000
2 0.583594 0.387500 0.098437 0.070833
2 0.445312 0.497917 0.106250 0.070833
2 0.583594 0.503125 0.101562 0.072917
2 0.444531 0.606250 0.101562 0.079167
2 0.585156 0.613542 0.104688 0.077083
2 0.451562 0.722917 0.112500 0.070833
2 0.581250 0.716667 0.093750 0.070833
2 0.446875 0.818750 0.100000 0.070833
2 0.580469 0.818750 0.095312 0.066667
2 0.447656 0.915625 0.101562 0.077083
2 0.577344 0.916667 0.101562 0.070833
0 0.517969 0.618750 0.307812 0.729167
