2 0.496094 0.321875 0.057813 0.085417
2 0.410938 0.390625 0.056250 0.081250
2 0.323437 0.450000 0.056250 0.083333
2 0.537500 0.432292 0.056250 0.081250
2 0.449219 0.494792 0.054688 0.077083
2 0.364063 0.556250 0.056250 0.079167
2 0.578125 0.537500 0.062500 0.079167
2 0.489063 0.600000 0.062500 0.079167
2 0.402344 0.654167 0.054688 0.075000
2 0.613281 0.639583 0.057813 0.075000
2 0.528906 0.697917 0.054688 0.079167
2 0.434375 0.756250 0.059375 0.075000
2 0.653125 0.739583 0.059375 0.079167
2 0.561719 0.802083 0.057813 0.079167
2 0.471094 0.860417 0.064062 0.079167
0 0.482812 0.583333 0.471875 0.745833
