4 0.386719 0.566667 0.054688 0.162500
4 0.311719 0.561458 0.057813 0.164583
4 0.382812 0.762500 0.043750 0.150000
4 0.310937 0.758333 0.056250 0.158333
4 0.535937 0.568750 0.046875 0.158333
4 0.462500 0.566667 0.046875 0.162500
4 0.609375 0.573958 0.046875 0.156250
4 0.457031 0.770833 0.039062 0.141667
2 0.677344 0.770833 0.048438 0.154167
2 0.682031 0.577083 0.048438 0.162500
2 0.603125 0.768750 0.050000 0.158333
2 0.532813 0.766667 0.050000 0.158333
0 0.495312 0.669792 0.493750 0.439583
