4 0.527344 0.377083 0.101562 0.087500
4 0.666406 0.437500 0.098437 0.079167
4 0.509375 0.464583 0.096875 0.083333
4 0.648438 0.525000 0.096875 0.079167
4 0.490625 0.547917 0.096875 0.075000
4 0.626563 0.606250 0.096875 0.070833
4 0.469531 0.633333 0.098437 0.075000
4 0.607812 0.691667 0.096875 0.075000
4 0.450781 0.721875 0.101562 0.072917
4 0.567969 0.859375 0.095312 0.077083
2 0.591406 0.773958 0.095312 0.077083
2 0.428906 0.807292 0.098437 0.072917
0 0.549219 0.592708 0.414062 0.739583
