4 0.439063 0.275000 0.140625 0.087500
4 0.648438 0.264583 0.134375 0.075000
4 0.443750 0.401042 0.134375 0.068750
4 0.646875 0.396875 0.128125 0.060417
4 0.452344 0.523958 0.123438 0.056250
4 0.655469 0.517708 0.120313 0.056250
4 0.452344 0.648958 0.126562 0.056250
4 0.657813 0.636458 0.131250 0.056250
4 0.453906 0.761458 0.132812 0.060417
4 0.659375 0.756250 0.140625 0.062500
4 0.460938 0.877083 0.128125 0.062500
4 0.653906 0.866667 0.135937 0.062500
0 0.548438 0.582292 0.421875 0.797917
