4 0.464844 0.277083 0.051562 0.079167
4 0.533594 0.241667 0.054688 0.083333
4 0.427344 0.433333 0.054688 0.075000
4 0.357031 0.456250 0.057813 0.075000
4 0.497656 0.402083 0.054688 0.075000
4 0.564844 0.372917 0.054688 0.083333
4 0.593750 0.494792 0.050000 0.072917
4 0.526563 0.525000 0.050000 0.075000
4 0.457031 0.553125 0.051562 0.068750
4 0.387500 0.578125 0.056250 0.068750
4 0.487500 0.676042 0.050000 0.068750
4 0.417969 0.703125 0.054688 0.072917
4 0.557813 0.647917 0.050000 0.066667
4 0.623437 0.618750 0.050000 0.075000
4 0.517188 0.795833 0.050000 0.066667
4 0.447656 0.827083 0.051562 0.075000
2 0.326562 0.334375 0.065625 0.085417
2 0.398438 0.310417 0.062500 0.087500
2 0.583594 0.768750 0.054688 0.083333
2 0.654687 0.737500 0.059375 0.079167
0 0.492969 0.548958 0.445312 0.781250
