4 0.404687 0.527083 0.118750 0.091667
4 0.374219 0.433333 0.120313 0.095833
4 0.435156 0.623958 0.110937 0.089583
4 0.463281 0.711458 0.110937 0.089583
4 0.596875 0.644792 0.103125 0.089583
4 0.572656 0.550000 0.110937 0.083333
4 0.625781 0.731250 0.101562 0.083333
4 0.492188 0.805208 0.106250 0.089583
2 0.488281 0.267708 0.120313 0.114583
2 0.517969 0.367708 0.114062 0.106250
2 0.546875 0.460417 0.112500 0.104167
2 0.344531 0.337500 0.129688 0.100000
0 0.479687 0.528125 0.471875 0.760417
