4 0.444531 0.232292 0.051562 0.156250
4 0.519531 0.222917 0.042188 0.150000
4 0.591406 0.211458 0.042188 0.152083
4 0.539844 0.416667 0.039062 0.145833
4 0.613281 0.403125 0.057813 0.147917
4 0.557813 0.600000 0.043750 0.141667
4 0.633594 0.586458 0.035937 0.131250
4 0.575781 0.775000 0.039062 0.129167
4 0.654687 0.763542 0.040625 0.127083
2 0.466406 0.432292 0.064062 0.160417
2 0.488281 0.615625 0.057813 0.156250
2 0.508594 0.788542 0.064062 0.147917
0 0.548438 0.519792 0.343750 0.847917
