2 0.371094 0.428125 0.070312 0.052083
2 0.466406 0.711458 0.064062 0.052083
2 0.465625 0.840625 0.059375 0.052083
2 0.368750 0.837500 0.071875 0.054167
4 0.569531 0.585417 0.064062 0.050000
4 0.471094 0.576042 0.064062 0.052083
4 0.369531 0.567708 0.067187 0.052083
4 0.575781 0.447917 0.064062 0.050000
4 0.475781 0.435417 0.064062 0.054167
4 0.368750 0.706250 0.065625 0.054167
4 0.562500 0.718750 0.062500 0.050000
2 0.559375 0.848958 0.062500 0.056250
0 0.470313 0.617708 0.340625 0.656250
