4 0.232813 0.614583 0.065625 0.083333
2 0.544531 0.515625 0.070312 0.102083
2 0.489844 0.404167 0.070312 0.104167
2 0.460156 0.585417 0.067187 0.095833
2 0.409375 0.475000 0.071875 0.100000
2 0.380469 0.651042 0.073438 0.093750
2 0.325000 0.544792 0.078125 0.097917
2 0.294531 0.713542 0.070312 0.089583
2 0.346875 0.818750 0.071875 0.091667
2 0.428906 0.754167 0.067187 0.095833
2 0.510938 0.689583 0.071875 0.095833
2 0.592969 0.619792 0.067187 0.093750
0 0.415625 0.596875 0.518750 0.635417
