2 0.564844 0.348958 0.051562 0.068750
2 0.636719 0.356250 0.051562 0.075000
2 0.492969 0.340625 0.054688 0.072917
2 0.417187 0.327083 0.050000 0.079167
2 0.619531 0.739583 0.048438 0.062500
2 0.553125 0.734375 0.050000 0.068750
2 0.485938 0.735417 0.056250 0.058333
2 0.410938 0.728125 0.056250 0.064583
2 0.616406 0.835417 0.048438 0.070833
2 0.483594 0.825000 0.048438 0.070833
2 0.549219 0.828125 0.048438 0.068750
2 0.408594 0.823958 0.054688 0.072917
4 0.632812 0.451042 0.050000 0.064583
4 0.416406 0.434375 0.054688 0.064583
4 0.562500 0.451042 0.050000 0.068750
4 0.489844 0.445833 0.054688 0.066667
4 0.626563 0.550000 0.050000 0.062500
4 0.413281 0.534375 0.051562 0.064583
4 0.486719 0.540625 0.051562 0.064583
4 0.557031 0.544792 0.051562 0.064583
4 0.625000 0.645833 0.050000 0.058333
4 0.555469 0.643750 0.048438 0.062500
4 0.412500 0.634375 0.050000 0.064583
4 0.485156 0.636458 0.051562 0.064583
0 0.522656 0.600000 0.329688 0.700000
