4 0.369531 0.465625 0.117188 0.060417
4 0.506250 0.477083 0.106250 0.054167
4 0.507031 0.603125 0.114062 0.064583
4 0.367188 0.590625 0.121875 0.064583
4 0.500000 0.716667 0.112500 0.058333
4 0.364063 0.706250 0.118750 0.054167
2 0.364063 0.816667 0.118750 0.075000
2 0.494531 0.831250 0.114062 0.083333
2 0.517188 0.367708 0.125000 0.085417
2 0.376563 0.353125 0.128125 0.085417
2 0.523438 0.242708 0.128125 0.093750
2 0.378125 0.222917 0.134375 0.095833
0 0.439844 0.518750 0.339062 0.862500
