4 0.456250 0.187500 0.153125 0.112500
4 0.642188 0.203125 0.134375 0.114583
4 0.460156 0.331250 0.148438 0.100000
4 0.639844 0.341667 0.145313 0.108333
4 0.462500 0.473958 0.150000 0.110417
4 0.636719 0.476042 0.135937 0.102083
4 0.461719 0.610417 0.135937 0.100000
4 0.635156 0.614583 0.135937 0.100000
4 0.460156 0.740625 0.135937 0.097917
4 0.633594 0.743750 0.142187 0.100000
4 0.461719 0.870833 0.132812 0.104167
4 0.632031 0.870833 0.139063 0.108333
0 0.542188 0.548958 0.406250 0.889583
