4 0.334375 0.373958 0.065625 0.097917
4 0.410156 0.384375 0.060937 0.093750
4 0.486719 0.387500 0.057813 0.087500
4 0.564844 0.391667 0.067187 0.091667
4 0.332813 0.497917 0.062500 0.083333
4 0.407813 0.493750 0.062500 0.079167
4 0.480469 0.504167 0.057813 0.079167
4 0.559375 0.502083 0.062500 0.075000
4 0.329688 0.605208 0.062500 0.072917
4 0.400781 0.610417 0.057813 0.075000
4 0.477344 0.616667 0.057813 0.083333
4 0.546875 0.618750 0.056250 0.079167
4 0.325781 0.716667 0.057813 0.083333
4 0.400781 0.720833 0.060937 0.087500
4 0.475781 0.725000 0.054688 0.083333
4 0.542969 0.733333 0.054688 0.079167
4 0.325000 0.828125 0.053125 0.072917
4 0.395313 0.831250 0.056250 0.066667
4 0.471094 0.834375 0.051562 0.072917
2 0.545312 0.841667 0.059375 0.087500
0 0.445312 0.629167 0.346875 0.637500
