4 0.445312 0.321875 0.134375 0.081250
4 0.630469 0.330208 0.123438 0.072917
4 0.443750 0.443750 0.140625 0.075000
4 0.629687 0.453125 0.150000 0.068750
4 0.441406 0.561458 0.129688 0.072917
4 0.625781 0.568750 0.132812 0.066667
4 0.450000 0.684375 0.134375 0.077083
4 0.628125 0.681250 0.143750 0.066667
4 0.447656 0.789583 0.129688 0.079167
4 0.626563 0.795833 0.131250 0.070833
4 0.446875 0.894792 0.134375 0.064583
4 0.623437 0.903125 0.125000 0.064583
0 0.537500 0.618750 0.387500 0.754167
