4 0.594531 0.594792 0.048438 0.068750
4 0.439844 0.581250 0.051562 0.075000
4 0.517969 0.587500 0.054688 0.075000
4 0.592187 0.687500 0.046875 0.062500
4 0.437500 0.679167 0.046875 0.062500
4 0.515625 0.684375 0.046875 0.064583
4 0.435937 0.776042 0.046875 0.060417
4 0.662500 0.789583 0.043750 0.062500
4 0.587500 0.783333 0.046875 0.062500
4 0.514062 0.779167 0.046875 0.062500
4 0.431250 0.867708 0.046875 0.064583
4 0.657813 0.882292 0.050000 0.064583
4 0.585156 0.877083 0.048438 0.066667
4 0.508594 0.873958 0.048438 0.068750
2 0.356250 0.863542 0.059375 0.064583
2 0.360156 0.672917 0.051562 0.075000
2 0.362500 0.578125 0.059375 0.068750
2 0.363281 0.770833 0.054688 0.079167
2 0.667969 0.695833 0.054688 0.066667
2 0.671094 0.598958 0.057813 0.072917
0 0.535156 0.733333 0.467187 0.437500
