4 0.587500 0.594792 0.046875 0.064583
4 0.509375 0.577083 0.050000 0.075000
4 0.350781 0.555208 0.051562 0.072917
4 0.430469 0.566667 0.051562 0.075000
4 0.578125 0.687500 0.046875 0.062500
4 0.349219 0.656250 0.048438 0.062500
4 0.502344 0.677083 0.048438 0.066667
4 0.425000 0.665625 0.050000 0.064583
4 0.420312 0.760417 0.043750 0.062500
4 0.570312 0.780208 0.046875 0.064583
4 0.496875 0.769792 0.046875 0.064583
4 0.489063 0.862500 0.046875 0.062500
4 0.564063 0.870833 0.050000 0.070833
2 0.412500 0.852083 0.046875 0.062500
2 0.661719 0.605208 0.057813 0.072917
2 0.650781 0.694792 0.048438 0.077083
2 0.635156 0.878125 0.051562 0.064583
2 0.647656 0.788542 0.051562 0.072917
2 0.340625 0.836458 0.056250 0.064583
2 0.346875 0.744792 0.056250 0.068750
0 0.484375 0.718750 0.462500 0.470833
