4 0.446875 0.244792 0.087500 0.114583
4 0.546094 0.245833 0.079687 0.112500
4 0.650000 0.254167 0.078125 0.108333
4 0.744531 0.259375 0.079687 0.106250
4 0.450781 0.377083 0.085938 0.108333
4 0.547656 0.378125 0.082812 0.114583
4 0.646094 0.383333 0.076563 0.108333
4 0.739062 0.386458 0.075000 0.110417
4 0.449219 0.503125 0.082812 0.102083
4 0.545312 0.508333 0.081250 0.104167
4 0.644531 0.509375 0.082812 0.114583
4 0.735938 0.512500 0.075000 0.104167
4 0.446875 0.631250 0.084375 0.100000
4 0.542969 0.635417 0.082812 0.108333
4 0.639844 0.638542 0.085938 0.097917
4 0.736719 0.636458 0.079687 0.110417
4 0.446875 0.754167 0.078125 0.108333
4 0.542969 0.758333 0.082812 0.104167
4 0.637500 0.754167 0.081250 0.104167
4 0.734375 0.758333 0.081250 0.108333
4 0.449219 0.878125 0.076563 0.110417
4 0.538281 0.877083 0.079687 0.112500
4 0.637500 0.879167 0.081250 0.104167
4 0.728125 0.880208 0.075000 0.114583
0 0.591406 0.530208 0.417187 0.839583
