2 0.453125 0.475000 0.075000 0.104167
2 0.553125 0.477083 0.075000 0.104167
2 0.647656 0.489583 0.082812 0.104167
2 0.452344 0.609375 0.079687 0.102083
2 0.547656 0.608333 0.073438 0.112500
2 0.639062 0.626042 0.078125 0.110417
2 0.450000 0.733333 0.078125 0.100000
2 0.542188 0.741667 0.068750 0.104167
2 0.639844 0.747917 0.073438 0.104167
2 0.446875 0.858333 0.078125 0.100000
2 0.537500 0.862500 0.065625 0.095833
2 0.632031 0.868750 0.073438 0.100000
0 0.552344 0.656250 0.326562 0.608333
