4 0.450000 0.258333 0.112500 0.075000
4 0.592187 0.277083 0.121875 0.075000
4 0.589063 0.394792 0.118750 0.072917
4 0.446875 0.380208 0.121875 0.072917
4 0.438281 0.502083 0.123438 0.066667
4 0.581250 0.514583 0.115625 0.070833
4 0.585156 0.633333 0.123438 0.062500
4 0.568750 0.755208 0.121875 0.085417
4 0.437500 0.618750 0.134375 0.070833
4 0.431250 0.741667 0.115625 0.066667
4 0.422656 0.858333 0.126562 0.062500
4 0.571094 0.864583 0.107813 0.070833
0 0.510156 0.564583 0.332813 0.837500
