2 0.385156 0.452083 0.051562 0.075000
2 0.309375 0.440625 0.062500 0.077083
2 0.306250 0.551042 0.056250 0.085417
4 0.534375 0.466667 0.050000 0.066667
4 0.461719 0.459375 0.051562 0.068750
4 0.531250 0.573958 0.050000 0.068750
4 0.383594 0.560417 0.051562 0.066667
4 0.457031 0.566667 0.051562 0.066667
4 0.525781 0.679167 0.048438 0.066667
4 0.453906 0.670833 0.048438 0.066667
4 0.378906 0.666667 0.051562 0.066667
4 0.302344 0.659375 0.054688 0.068750
4 0.521875 0.782292 0.046875 0.064583
4 0.451562 0.775000 0.050000 0.066667
4 0.377344 0.770833 0.051562 0.066667
4 0.300781 0.768750 0.054688 0.066667
4 0.517188 0.884375 0.046875 0.064583
4 0.446875 0.877083 0.050000 0.066667
4 0.375000 0.873958 0.050000 0.064583
4 0.297656 0.875000 0.051562 0.066667
0 0.416406 0.628125 0.348438 0.635417
