4 0.522656 0.282292 0.101562 0.085417
4 0.356250 0.361458 0.106250 0.093750
4 0.386719 0.460417 0.104688 0.091667
4 0.548438 0.383333 0.100000 0.087500
4 0.574219 0.476042 0.101562 0.085417
4 0.414062 0.556250 0.100000 0.087500
4 0.439844 0.655208 0.101562 0.085417
4 0.600781 0.568750 0.098437 0.083333
4 0.468750 0.746875 0.100000 0.085417
4 0.626563 0.671875 0.096875 0.085417
4 0.651563 0.766667 0.096875 0.083333
4 0.490625 0.838542 0.100000 0.081250
0 0.510938 0.542708 0.471875 0.768750
