4 0.367188 0.334375 0.078125 0.214583
4 0.454688 0.341667 0.062500 0.191667
4 0.547656 0.348958 0.067187 0.197917
4 0.632031 0.346875 0.054688 0.189583
4 0.368750 0.597917 0.062500 0.183333
4 0.455469 0.598958 0.064062 0.189583
4 0.542188 0.597917 0.062500 0.191667
4 0.629687 0.600000 0.065625 0.200000
4 0.374219 0.837500 0.060937 0.183333
4 0.458594 0.839583 0.054688 0.183333
4 0.542969 0.839583 0.064062 0.195833
4 0.628125 0.842708 0.065625 0.197917
0 0.502344 0.570833 0.379688 0.829167
