2 0.478125 0.826042 0.050000 0.068750
2 0.546094 0.833333 0.048438 0.070833
2 0.408594 0.818750 0.054688 0.070833
2 0.328125 0.817708 0.059375 0.068750
2 0.549219 0.738542 0.048438 0.060417
4 0.567969 0.346875 0.048438 0.064583
4 0.493750 0.340625 0.050000 0.072917
4 0.419531 0.330208 0.054688 0.072917
4 0.339844 0.316667 0.057813 0.075000
4 0.562500 0.447917 0.050000 0.070833
4 0.491406 0.441667 0.051562 0.070833
4 0.416406 0.433333 0.054688 0.070833
4 0.339844 0.421875 0.057813 0.072917
4 0.557813 0.547917 0.050000 0.062500
4 0.486719 0.540625 0.051562 0.064583
4 0.413281 0.532292 0.051562 0.064583
4 0.337500 0.523958 0.056250 0.068750
4 0.554688 0.643750 0.046875 0.058333
4 0.483594 0.637500 0.051562 0.062500
4 0.411719 0.633333 0.054688 0.062500
4 0.333594 0.626042 0.054688 0.060417
4 0.479687 0.735417 0.050000 0.058333
4 0.407813 0.729167 0.050000 0.062500
4 0.333594 0.727083 0.054688 0.062500
0 0.450781 0.592708 0.335938 0.706250
