4 0.604688 0.368750 0.103125 0.079167
4 0.582812 0.477083 0.103125 0.079167
4 0.443750 0.430208 0.109375 0.089583
4 0.563281 0.588542 0.101562 0.077083
4 0.424219 0.540625 0.104688 0.077083
4 0.542969 0.692708 0.101562 0.081250
4 0.408594 0.643750 0.101562 0.083333
4 0.525781 0.792708 0.098437 0.081250
4 0.391406 0.747917 0.101562 0.083333
2 0.459375 0.320833 0.106250 0.095833
2 0.625000 0.258333 0.109375 0.095833
2 0.480469 0.205208 0.117188 0.106250
0 0.502344 0.508333 0.414062 0.816667
