4 0.244531 0.556250 0.070312 0.095833
4 0.245312 0.658333 0.071875 0.087500
4 0.242969 0.758333 0.067187 0.095833
4 0.241406 0.864583 0.067187 0.087500
4 0.321094 0.565625 0.067187 0.089583
4 0.322656 0.669792 0.064062 0.089583
4 0.324219 0.768750 0.070312 0.087500
4 0.322656 0.866667 0.067187 0.087500
4 0.401562 0.569792 0.071875 0.093750
4 0.477344 0.565625 0.070312 0.106250
4 0.550781 0.584375 0.067187 0.093750
4 0.396875 0.670833 0.062500 0.095833
4 0.400781 0.772917 0.067187 0.104167
4 0.396875 0.868750 0.059375 0.087500
4 0.471875 0.685417 0.075000 0.079167
4 0.471875 0.779167 0.071875 0.108333
4 0.467187 0.877083 0.056250 0.083333
4 0.542969 0.886458 0.051562 0.085417
4 0.616406 0.888542 0.067187 0.093750
4 0.541406 0.778125 0.067187 0.097917
4 0.622656 0.789583 0.070312 0.095833
4 0.625781 0.690625 0.085938 0.089583
4 0.550000 0.677083 0.065625 0.100000
2 0.630469 0.585417 0.070312 0.087500
0 0.454688 0.723958 0.512500 0.464583
