4 0.595313 0.687500 0.050000 0.070833
4 0.524219 0.680208 0.054688 0.072917
4 0.450000 0.675000 0.056250 0.075000
4 0.300000 0.667708 0.059375 0.072917
4 0.375781 0.669792 0.064062 0.072917
4 0.213281 0.665625 0.042188 0.068750
4 0.213281 0.758333 0.035937 0.062500
4 0.296094 0.766667 0.054688 0.075000
4 0.664844 0.784375 0.048438 0.064583
4 0.446094 0.769792 0.051562 0.064583
4 0.371094 0.764583 0.051562 0.066667
4 0.519531 0.773958 0.051562 0.068750
4 0.592969 0.780208 0.051562 0.068750
4 0.670312 0.692708 0.050000 0.068750
4 0.445312 0.859375 0.050000 0.068750
4 0.371094 0.855208 0.051562 0.064583
4 0.517188 0.865625 0.050000 0.068750
4 0.589063 0.867708 0.050000 0.064583
4 0.659375 0.876042 0.050000 0.068750
2 0.301563 0.845833 0.062500 0.083333
2 0.226562 0.853125 0.062500 0.089583
0 0.439063 0.763542 0.578125 0.335417
