4 0.432031 0.347917 0.089063 0.079167
4 0.544531 0.355208 0.079687 0.068750
4 0.660156 0.358333 0.073438 0.075000
4 0.431250 0.518750 0.090625 0.070833
4 0.544531 0.522917 0.082812 0.075000
4 0.663281 0.528125 0.085938 0.072917
4 0.431250 0.676042 0.081250 0.064583
4 0.547656 0.684375 0.095312 0.072917
4 0.660937 0.686458 0.084375 0.077083
4 0.437500 0.835417 0.090625 0.066667
4 0.545312 0.836458 0.081250 0.072917
4 0.661719 0.838542 0.092188 0.077083
0 0.546875 0.570833 0.393750 0.737500
