2 0.374219 0.597917 0.082812 0.116667
2 0.375000 0.721875 0.078125 0.106250
2 0.469531 0.737500 0.079687 0.125000
2 0.467969 0.851042 0.082812 0.102083
2 0.654687 0.742708 0.081250 0.093750
4 0.666406 0.620833 0.073438 0.100000
4 0.570312 0.612500 0.075000 0.100000
4 0.473438 0.604167 0.075000 0.104167
4 0.564844 0.739583 0.067187 0.091667
4 0.653125 0.861458 0.071875 0.102083
4 0.367969 0.845833 0.079687 0.104167
4 0.564063 0.855208 0.078125 0.102083
0 0.502344 0.732292 0.448437 0.447917
