4 0.404687 0.317708 0.131250 0.143750
4 0.545312 0.234375 0.118750 0.122917
4 0.571875 0.343750 0.112500 0.112500
4 0.445312 0.419792 0.118750 0.122917
4 0.467969 0.530208 0.126562 0.122917
4 0.607031 0.451042 0.129688 0.118750
4 0.642188 0.555208 0.121875 0.114583
4 0.507031 0.627083 0.129688 0.112500
4 0.540625 0.734375 0.128125 0.114583
4 0.665625 0.655208 0.121875 0.114583
4 0.567187 0.839583 0.109375 0.108333
4 0.700781 0.769792 0.117188 0.118750
0 0.560156 0.564583 0.498437 0.833333
