2 0.388281 0.243750 0.048438 0.070833
2 0.514062 0.263542 0.050000 0.072917
4 0.376563 0.834375 0.040625 0.052083
4 0.378906 0.722917 0.042188 0.054167
4 0.380469 0.609375 0.042188 0.056250
4 0.382031 0.493750 0.042188 0.058333
4 0.385937 0.367708 0.043750 0.064583
4 0.494531 0.731250 0.039062 0.054167
4 0.497656 0.618750 0.042188 0.058333
4 0.503125 0.500000 0.040625 0.058333
4 0.507031 0.382292 0.042188 0.064583
2 0.489844 0.838542 0.039062 0.068750
0 0.450781 0.555208 0.260937 0.789583
