4 0.387500 0.328125 0.078125 0.210417
4 0.477344 0.327083 0.070312 0.200000
4 0.570312 0.340625 0.062500 0.210417
4 0.652344 0.333333 0.057813 0.200000
4 0.399219 0.584375 0.067187 0.197917
4 0.479687 0.584375 0.071875 0.189583
4 0.566406 0.583333 0.064062 0.204167
4 0.653906 0.582292 0.070312 0.210417
4 0.395313 0.818750 0.065625 0.191667
4 0.485156 0.820833 0.067187 0.191667
4 0.569531 0.813542 0.070312 0.193750
4 0.656250 0.819792 0.065625 0.189583
0 0.520312 0.586458 0.390625 0.802083
