2 0.313281 0.722917 0.070312 0.100000
2 0.317969 0.597917 0.079687 0.095833
2 0.419531 0.602083 0.073438 0.104167
2 0.407813 0.737500 0.081250 0.100000
2 0.606250 0.618750 0.071875 0.100000
2 0.513281 0.612500 0.070312 0.100000
2 0.603906 0.745833 0.073438 0.095833
2 0.505469 0.737500 0.070312 0.095833
2 0.597656 0.872917 0.070312 0.104167
2 0.502344 0.859375 0.079687 0.102083
2 0.406250 0.859375 0.078125 0.093750
2 0.309375 0.854167 0.075000 0.100000
0 0.468750 0.731250 0.450000 0.429167
