4 0.464844 0.177083 0.051562 0.183333
4 0.560156 0.195833 0.057813 0.175000
4 0.649219 0.195833 0.057813 0.191667
4 0.466406 0.413542 0.054688 0.177083
4 0.555469 0.419792 0.057813 0.185417
4 0.644531 0.429167 0.057813 0.170833
4 0.560156 0.653125 0.051562 0.160417
4 0.467187 0.650000 0.056250 0.170833
4 0.642188 0.651042 0.050000 0.172917
4 0.463281 0.875000 0.057813 0.162500
4 0.550000 0.869792 0.046875 0.152083
4 0.635156 0.867708 0.057813 0.156250
0 0.551562 0.496875 0.315625 0.993750
