4 0.375000 0.410417 0.115625 0.054167
4 0.525000 0.421875 0.112500 0.056250
4 0.372656 0.506250 0.114062 0.058333
4 0.370312 0.604167 0.118750 0.050000
4 0.522656 0.610417 0.110937 0.054167
4 0.367969 0.702083 0.114062 0.054167
4 0.519531 0.707292 0.117188 0.052083
4 0.364063 0.798958 0.112500 0.052083
4 0.516406 0.805208 0.110937 0.052083
4 0.364063 0.894792 0.115625 0.047917
4 0.516406 0.895833 0.114062 0.050000
2 0.527344 0.516667 0.117188 0.070833
0 0.451562 0.644792 0.325000 0.622917
