4 0.671875 0.606250 0.043750 0.066667
4 0.601562 0.598958 0.050000 0.068750
4 0.527344 0.593750 0.051562 0.070833
4 0.378906 0.582292 0.054688 0.068750
4 0.453906 0.586458 0.051562 0.072917
4 0.664844 0.700000 0.048438 0.062500
4 0.596094 0.695833 0.048438 0.066667
4 0.453125 0.685417 0.050000 0.066667
4 0.524219 0.689583 0.048438 0.066667
4 0.378906 0.678125 0.054688 0.064583
4 0.662500 0.791667 0.046875 0.062500
4 0.374219 0.776042 0.048438 0.060417
4 0.592969 0.788542 0.048438 0.064583
4 0.523438 0.783333 0.046875 0.066667
4 0.447656 0.780208 0.048438 0.064583
4 0.444531 0.878125 0.042188 0.056250
4 0.659375 0.885417 0.043750 0.062500
4 0.518750 0.878125 0.043750 0.064583
4 0.590625 0.883333 0.043750 0.062500
2 0.297656 0.865625 0.051562 0.064583
2 0.301563 0.769792 0.056250 0.064583
2 0.307031 0.570833 0.057813 0.079167
2 0.303906 0.673958 0.057813 0.072917
2 0.369531 0.871875 0.051562 0.072917
0 0.458594 0.730208 0.529687 0.447917
