4 0.529687 0.422917 0.046875 0.058333
4 0.429688 0.443750 0.050000 0.062500
4 0.629687 0.398958 0.046875 0.064583
4 0.687500 0.454167 0.046875 0.062500
4 0.642969 0.536458 0.048438 0.060417
4 0.585938 0.481250 0.046875 0.062500
4 0.546875 0.559375 0.046875 0.056250
4 0.489063 0.504167 0.046875 0.054167
4 0.446875 0.585417 0.046875 0.054167
4 0.385156 0.527083 0.048438 0.062500
4 0.406250 0.662500 0.046875 0.058333
4 0.342969 0.609375 0.048438 0.060417
4 0.366406 0.739583 0.048438 0.058333
4 0.562500 0.691667 0.046875 0.058333
4 0.506250 0.639583 0.046875 0.058333
4 0.600781 0.615625 0.042188 0.052083
4 0.465625 0.715625 0.043750 0.056250
4 0.521875 0.766667 0.043750 0.058333
4 0.482812 0.841667 0.046875 0.062500
4 0.425781 0.793750 0.042188 0.054167
4 0.303125 0.689583 0.046875 0.054167
2 0.571875 0.345833 0.046875 0.070833
2 0.511719 0.277083 0.054688 0.079167
2 0.470313 0.359375 0.050000 0.068750
0 0.506250 0.528125 0.509375 0.760417
