4 0.380469 0.309375 0.070312 0.093750
4 0.475000 0.309375 0.071875 0.085417
4 0.571094 0.315625 0.067187 0.093750
4 0.664062 0.315625 0.065625 0.089583
4 0.384375 0.461458 0.075000 0.114583
4 0.474219 0.451042 0.067187 0.089583
4 0.570312 0.455208 0.065625 0.093750
4 0.662500 0.457292 0.078125 0.102083
4 0.383594 0.589583 0.070312 0.100000
4 0.479687 0.590625 0.075000 0.097917
4 0.567969 0.593750 0.070312 0.100000
4 0.660156 0.592708 0.070312 0.097917
4 0.388281 0.722917 0.067187 0.095833
4 0.480469 0.728125 0.067187 0.097917
4 0.566406 0.722917 0.073438 0.095833
4 0.657031 0.729167 0.073438 0.100000
4 0.392188 0.853125 0.071875 0.093750
4 0.480469 0.848958 0.073438 0.097917
4 0.567969 0.859375 0.076563 0.102083
4 0.656250 0.858333 0.068750 0.100000
0 0.520312 0.550000 0.440625 0.775000
