2 0.451562 0.282292 0.103125 0.085417
2 0.588281 0.293750 0.104688 0.083333
2 0.455469 0.391667 0.101562 0.075000
2 0.585156 0.400000 0.101562 0.070833
2 0.444531 0.497917 0.089063 0.075000
2 0.578906 0.506250 0.095312 0.075000
2 0.445312 0.606250 0.096875 0.083333
2 0.575781 0.616667 0.098437 0.083333
2 0.444531 0.710417 0.101562 0.075000
2 0.570312 0.716667 0.103125 0.079167
2 0.439844 0.818750 0.117188 0.083333
2 0.571094 0.830208 0.104688 0.085417
0 0.510938 0.566667 0.300000 0.729167
