2 0.433594 0.242708 0.089063 0.131250
2 0.327344 0.230208 0.098437 0.143750
2 0.536719 0.751042 0.089063 0.127083
4 0.536719 0.242708 0.070312 0.114583
4 0.323437 0.400000 0.075000 0.100000
4 0.428125 0.405208 0.075000 0.106250
4 0.535937 0.414583 0.071875 0.104167
4 0.320312 0.573958 0.075000 0.102083
4 0.428125 0.579167 0.071875 0.104167
4 0.533594 0.581250 0.070312 0.100000
4 0.318750 0.746875 0.075000 0.102083
4 0.426563 0.747917 0.071875 0.095833
0 0.428125 0.475000 0.375000 0.775000
