4 0.569531 0.562500 0.064062 0.050000
4 0.474219 0.554167 0.064062 0.050000
4 0.374219 0.546875 0.064062 0.052083
4 0.468750 0.689583 0.062500 0.050000
4 0.562500 0.698958 0.059375 0.052083
4 0.465625 0.818750 0.059375 0.050000
4 0.559375 0.827083 0.059375 0.050000
4 0.375000 0.404167 0.065625 0.054167
2 0.477344 0.414583 0.064062 0.054167
2 0.576562 0.427083 0.065625 0.062500
2 0.371094 0.815625 0.070312 0.052083
2 0.375781 0.683333 0.070312 0.054167
0 0.474219 0.623958 0.339062 0.652083
