2 0.401562 0.387500 0.065625 0.170833
2 0.328125 0.405208 0.078125 0.172917
2 0.471875 0.362500 0.071875 0.166667
2 0.540625 0.333333 0.071875 0.166667
2 0.445312 0.583333 0.065625 0.154167
2 0.375000 0.602083 0.075000 0.162500
2 0.510156 0.558333 0.067187 0.158333
2 0.580469 0.530208 0.070312 0.160417
2 0.481250 0.773958 0.062500 0.147917
2 0.416406 0.788542 0.070312 0.147917
2 0.550781 0.745833 0.057813 0.158333
2 0.613281 0.716667 0.070312 0.158333
0 0.471094 0.555208 0.429688 0.743750
