4 0.489063 0.294792 0.090625 0.047917
4 0.487500 0.378125 0.087500 0.047917
4 0.635938 0.469792 0.090625 0.047917
4 0.484375 0.460417 0.090625 0.050000
4 0.637500 0.388542 0.087500 0.047917
4 0.631250 0.548958 0.090625 0.052083
4 0.484375 0.543750 0.093750 0.054167
4 0.479687 0.622917 0.090625 0.045833
4 0.628906 0.630208 0.089063 0.047917
4 0.623437 0.710417 0.087500 0.045833
4 0.478906 0.702083 0.089063 0.045833
4 0.621875 0.788542 0.087500 0.043750
4 0.473438 0.779167 0.087500 0.045833
2 0.641406 0.314583 0.101562 0.075000
2 0.475781 0.855208 0.095312 0.068750
2 0.617969 0.861458 0.095312 0.072917
0 0.560937 0.593750 0.321875 0.708333
