4 0.446094 0.325000 0.070312 0.083333
4 0.571094 0.330208 0.060937 0.093750
4 0.701562 0.331250 0.062500 0.087500
4 0.442188 0.470833 0.075000 0.100000
4 0.566406 0.472917 0.073438 0.087500
4 0.698438 0.476042 0.065625 0.089583
4 0.444531 0.605208 0.070312 0.089583
4 0.566406 0.614583 0.073438 0.087500
4 0.691406 0.618750 0.067187 0.087500
4 0.442969 0.744792 0.057813 0.077083
4 0.565625 0.751042 0.056250 0.081250
4 0.691406 0.753125 0.054688 0.072917
4 0.444531 0.880208 0.057813 0.077083
4 0.567969 0.879167 0.060937 0.087500
4 0.684375 0.883333 0.062500 0.083333
0 0.563281 0.615625 0.395313 0.752083
