2 0.475000 0.353125 0.059375 0.081250
2 0.566406 0.397917 0.054688 0.083333
2 0.658594 0.442708 0.051562 0.081250
2 0.449219 0.466667 0.057813 0.079167
2 0.540625 0.506250 0.056250 0.075000
2 0.632812 0.552083 0.059375 0.079167
2 0.424219 0.573958 0.057813 0.072917
2 0.516406 0.612500 0.054688 0.075000
2 0.602344 0.659375 0.051562 0.072917
2 0.392969 0.673958 0.057813 0.072917
2 0.486719 0.719792 0.054688 0.072917
2 0.578125 0.760417 0.059375 0.070833
2 0.365625 0.779167 0.062500 0.075000
2 0.460938 0.819792 0.062500 0.064583
2 0.550781 0.862500 0.057813 0.075000
0 0.508594 0.602083 0.426563 0.700000
