4 0.371094 0.552083 0.051562 0.070833
4 0.630469 0.566667 0.054688 0.075000
4 0.545312 0.560417 0.056250 0.079167
4 0.457031 0.556250 0.054688 0.075000
4 0.370312 0.655208 0.050000 0.068750
4 0.625781 0.671875 0.048438 0.068750
4 0.455469 0.661458 0.051562 0.068750
4 0.541406 0.667708 0.051562 0.068750
4 0.620313 0.769792 0.050000 0.064583
4 0.539062 0.763542 0.050000 0.064583
4 0.369531 0.753125 0.051562 0.068750
4 0.454688 0.759375 0.050000 0.068750
4 0.617969 0.866667 0.048438 0.066667
4 0.452344 0.858333 0.051562 0.070833
4 0.365625 0.855208 0.050000 0.064583
4 0.534375 0.863542 0.050000 0.068750
2 0.279687 0.747917 0.062500 0.083333
2 0.278125 0.846875 0.078125 0.072917
2 0.289844 0.642708 0.070312 0.081250
2 0.289844 0.539583 0.067187 0.087500
0 0.465625 0.705208 0.506250 0.485417
