2 0.471875 0.279167 0.096875 0.083333
2 0.605469 0.291667 0.101562 0.075000
2 0.471094 0.390625 0.101562 0.077083
2 0.600000 0.403125 0.103125 0.072917
2 0.470313 0.498958 0.103125 0.081250
2 0.604688 0.510417 0.106250 0.083333
2 0.463281 0.607292 0.101562 0.072917
2 0.597656 0.619792 0.110937 0.081250
2 0.463281 0.713542 0.101562 0.077083
2 0.594531 0.720833 0.120313 0.083333
2 0.467969 0.810417 0.110937 0.083333
2 0.590625 0.826042 0.112500 0.093750
0 0.532031 0.554167 0.301563 0.712500
