4 0.359375 0.537500 0.065625 0.050000
4 0.453125 0.683333 0.062500 0.050000
4 0.546875 0.691667 0.062500 0.050000
4 0.357031 0.673958 0.064062 0.052083
4 0.448437 0.814583 0.059375 0.050000
4 0.350781 0.807292 0.064062 0.052083
4 0.553125 0.555208 0.059375 0.043750
2 0.460938 0.416667 0.059375 0.062500
2 0.364063 0.403125 0.071875 0.060417
2 0.560937 0.423958 0.065625 0.060417
2 0.457813 0.551042 0.059375 0.047917
2 0.545312 0.820833 0.065625 0.054167
0 0.459375 0.623958 0.340625 0.647917
