4 0.384375 0.390625 0.059375 0.077083
4 0.312500 0.440625 0.059375 0.085417
4 0.453906 0.348958 0.057813 0.077083
4 0.528125 0.300000 0.053125 0.083333
4 0.357812 0.547917 0.062500 0.079167
4 0.425000 0.501042 0.056250 0.072917
4 0.495312 0.458333 0.056250 0.083333
4 0.568750 0.407292 0.062500 0.081250
4 0.397656 0.653125 0.057813 0.077083
4 0.468750 0.606250 0.053125 0.070833
4 0.534375 0.565625 0.056250 0.077083
4 0.603125 0.518750 0.050000 0.070833
4 0.641406 0.622917 0.064062 0.079167
4 0.575000 0.669792 0.056250 0.064583
4 0.507812 0.713542 0.056250 0.068750
4 0.439844 0.754167 0.060937 0.070833
4 0.476562 0.860417 0.062500 0.087500
4 0.547656 0.814583 0.057813 0.070833
4 0.611719 0.772917 0.060937 0.079167
4 0.680469 0.729167 0.057813 0.083333
0 0.503906 0.588542 0.501563 0.756250
