4 0.471094 0.673958 0.048438 0.072917
4 0.475000 0.577083 0.050000 0.075000
4 0.394531 0.567708 0.051562 0.072917
4 0.549219 0.685417 0.048438 0.066667
4 0.554688 0.587500 0.046875 0.070833
4 0.392188 0.668750 0.046875 0.062500
4 0.389062 0.766667 0.046875 0.062500
4 0.382812 0.857292 0.046875 0.064583
4 0.539062 0.873958 0.046875 0.068750
4 0.467969 0.772917 0.048438 0.062500
4 0.543750 0.780208 0.046875 0.064583
4 0.460938 0.869792 0.043750 0.060417
2 0.317188 0.660417 0.056250 0.075000
2 0.317969 0.560417 0.057813 0.083333
2 0.309375 0.848958 0.059375 0.068750
2 0.311719 0.753125 0.057813 0.068750
2 0.610938 0.876042 0.050000 0.064583
2 0.621094 0.786458 0.051562 0.077083
2 0.631250 0.597917 0.056250 0.070833
2 0.624219 0.691667 0.051562 0.079167
0 0.446875 0.720833 0.475000 0.466667
