4 0.437500 0.411458 0.081250 0.072917
4 0.552344 0.417708 0.089063 0.077083
4 0.671094 0.410417 0.082812 0.083333
4 0.436719 0.572917 0.089063 0.066667
4 0.552344 0.579167 0.101562 0.087500
4 0.667188 0.582292 0.078125 0.072917
4 0.437500 0.731250 0.068750 0.083333
4 0.553906 0.734375 0.089063 0.072917
4 0.670312 0.737500 0.093750 0.075000
4 0.440625 0.892708 0.071875 0.060417
4 0.553906 0.890625 0.070312 0.056250
4 0.662500 0.897917 0.071875 0.050000
0 0.553125 0.628125 0.390625 0.735417
