2 0.331250 0.645833 0.056250 0.129167
2 0.409375 0.654167 0.062500 0.137500
2 0.485938 0.661458 0.062500 0.147917
2 0.561719 0.668750 0.057813 0.145833
2 0.636719 0.661458 0.057813 0.152083
2 0.721094 0.669792 0.057813 0.139583
2 0.326562 0.815625 0.053125 0.122917
2 0.404687 0.821875 0.056250 0.135417
2 0.480469 0.827083 0.057813 0.137500
2 0.557031 0.830208 0.064062 0.135417
2 0.636719 0.836458 0.057813 0.139583
2 0.711719 0.830208 0.067187 0.135417
0 0.541406 0.761458 0.535937 0.422917
