4 0.375000 0.334375 0.084375 0.110417
4 0.483594 0.350000 0.073438 0.112500
4 0.589844 0.362500 0.073438 0.112500
4 0.367969 0.506250 0.070312 0.104167
4 0.478906 0.517708 0.070312 0.102083
4 0.582812 0.532292 0.062500 0.102083
4 0.360938 0.683333 0.068750 0.091667
4 0.469531 0.694792 0.070312 0.093750
4 0.570312 0.702083 0.065625 0.091667
4 0.353125 0.856250 0.068750 0.095833
4 0.458594 0.860417 0.070312 0.095833
4 0.564844 0.870833 0.070312 0.095833
0 0.482812 0.591667 0.381250 0.779167
