2 0.432031 0.460417 0.054688 0.075000
2 0.530469 0.460417 0.057813 0.075000
2 0.628906 0.461458 0.057813 0.072917
2 0.429688 0.578125 0.062500 0.077083
2 0.526563 0.580208 0.065625 0.072917
2 0.628906 0.576042 0.054688 0.072917
2 0.432031 0.687500 0.051562 0.075000
2 0.528906 0.695833 0.060937 0.075000
2 0.627344 0.689583 0.060937 0.070833
2 0.429688 0.798958 0.065625 0.081250
2 0.532813 0.803125 0.062500 0.077083
2 0.625781 0.800000 0.060937 0.083333
2 0.430469 0.913542 0.060937 0.081250
2 0.534375 0.913542 0.062500 0.093750
2 0.630469 0.918750 0.057813 0.087500
0 0.528125 0.682292 0.312500 0.635417
