4 0.613281 0.422917 0.054688 0.075000
4 0.528906 0.452083 0.051562 0.070833
4 0.443750 0.478125 0.053125 0.077083
4 0.475000 0.619792 0.059375 0.072917
4 0.556250 0.596875 0.056250 0.077083
4 0.639844 0.570833 0.054688 0.079167
4 0.667188 0.711458 0.056250 0.077083
4 0.584375 0.735417 0.056250 0.075000
4 0.504687 0.766667 0.053125 0.070833
4 0.532031 0.908333 0.054688 0.070833
4 0.612500 0.877083 0.050000 0.070833
4 0.694531 0.855208 0.054688 0.068750
0 0.562500 0.642708 0.390625 0.681250
