2 0.528906 0.307292 0.110937 0.156250
2 0.637500 0.443750 0.106250 0.141667
2 0.478125 0.383333 0.112500 0.145833
2 0.590625 0.518750 0.109375 0.141667
2 0.540625 0.593750 0.109375 0.141667
2 0.430469 0.463542 0.117188 0.152083
2 0.380469 0.539583 0.120313 0.145833
2 0.496875 0.670833 0.103125 0.133333
2 0.442188 0.735417 0.103125 0.133333
2 0.326562 0.608333 0.106250 0.141667
2 0.287500 0.687500 0.106250 0.141667
2 0.395313 0.808333 0.106250 0.141667
0 0.440625 0.563542 0.546875 0.735417
