2 0.280469 0.390625 0.110937 0.172917
2 0.347656 0.344792 0.098437 0.172917
2 0.409375 0.292708 0.087500 0.168750
2 0.474219 0.244792 0.095312 0.172917
2 0.556250 0.431250 0.087500 0.162500
2 0.431250 0.528125 0.087500 0.147917
2 0.372656 0.579167 0.095312 0.145833
2 0.630469 0.595833 0.073438 0.145833
2 0.569531 0.644792 0.079687 0.147917
2 0.511719 0.696875 0.082812 0.143750
2 0.513281 0.695833 0.079687 0.137500
2 0.453906 0.746875 0.085938 0.143750
2 0.493750 0.481250 0.087500 0.154167
0 0.445312 0.489583 0.531250 0.791667
