2 0.626563 0.394792 0.068750 0.077083
2 0.535156 0.698958 0.057813 0.085417
2 0.602344 0.907292 0.054688 0.093750
2 0.367969 0.891667 0.085938 0.100000
4 0.546094 0.389583 0.057813 0.079167
4 0.467187 0.377083 0.059375 0.083333
4 0.385156 0.364583 0.064062 0.083333
4 0.620313 0.496875 0.056250 0.077083
4 0.542969 0.490625 0.057813 0.081250
4 0.464062 0.483333 0.059375 0.079167
4 0.382812 0.473958 0.062500 0.081250
4 0.613281 0.597917 0.054688 0.070833
4 0.537500 0.594792 0.059375 0.072917
4 0.460938 0.587500 0.062500 0.075000
4 0.380469 0.579167 0.064062 0.075000
4 0.375000 0.684375 0.062500 0.077083
4 0.457031 0.691667 0.057813 0.070833
4 0.611719 0.702083 0.057813 0.075000
4 0.606250 0.805208 0.062500 0.072917
4 0.373437 0.788542 0.062500 0.072917
4 0.453125 0.793750 0.062500 0.075000
4 0.529687 0.797917 0.059375 0.079167
4 0.525781 0.900000 0.057813 0.075000
4 0.450000 0.893750 0.059375 0.079167
0 0.502344 0.611458 0.360938 0.714583
