2 0.410156 0.408333 0.054688 0.075000
2 0.409375 0.527083 0.056250 0.079167
2 0.330469 0.519792 0.057813 0.081250
2 0.332813 0.397917 0.062500 0.083333
2 0.326562 0.635417 0.056250 0.083333
2 0.403125 0.754167 0.062500 0.079167
2 0.544531 0.876042 0.054688 0.085417
2 0.400781 0.864583 0.064062 0.083333
2 0.472656 0.868750 0.057813 0.087500
4 0.554688 0.652083 0.050000 0.070833
4 0.478906 0.646875 0.051562 0.068750
4 0.485938 0.533333 0.056250 0.070833
4 0.560156 0.536458 0.054688 0.068750
4 0.488281 0.417708 0.054688 0.072917
4 0.565625 0.420833 0.056250 0.079167
4 0.404687 0.640625 0.050000 0.072917
4 0.549219 0.765625 0.051562 0.072917
4 0.475781 0.757292 0.051562 0.072917
4 0.322656 0.750000 0.051562 0.070833
4 0.321094 0.860417 0.054688 0.075000
0 0.442969 0.614583 0.370312 0.670833
