2 0.518750 0.378125 0.059375 0.085417
2 0.437500 0.363542 0.062500 0.085417
2 0.357031 0.353125 0.064062 0.085417
2 0.511719 0.488542 0.051562 0.077083
2 0.583594 0.616667 0.054688 0.087500
2 0.577344 0.729167 0.051562 0.087500
2 0.505469 0.721875 0.064062 0.085417
2 0.502344 0.835417 0.054688 0.087500
2 0.575781 0.841667 0.057813 0.083333
4 0.589844 0.496875 0.054688 0.072917
4 0.592969 0.385417 0.057813 0.083333
4 0.434375 0.482292 0.056250 0.068750
4 0.353906 0.472917 0.057813 0.075000
4 0.507031 0.607292 0.051562 0.068750
4 0.430469 0.601042 0.054688 0.072917
4 0.348438 0.594792 0.056250 0.072917
4 0.425781 0.714583 0.051562 0.075000
4 0.346875 0.712500 0.056250 0.075000
4 0.422656 0.830208 0.051562 0.072917
4 0.344531 0.828125 0.054688 0.072917
0 0.471875 0.609375 0.368750 0.672917
