2 0.371094 0.357292 0.073438 0.114583
4 0.451562 0.355208 0.065625 0.106250
4 0.536719 0.369792 0.064062 0.118750
4 0.619531 0.375000 0.067187 0.108333
4 0.371094 0.463542 0.067187 0.089583
4 0.453125 0.470833 0.062500 0.104167
4 0.533594 0.482292 0.064062 0.093750
4 0.616406 0.484375 0.067187 0.093750
4 0.607031 0.588542 0.057813 0.093750
4 0.530469 0.584375 0.067187 0.093750
4 0.446875 0.573958 0.081250 0.106250
4 0.371875 0.570833 0.075000 0.087500
4 0.367188 0.677083 0.065625 0.100000
4 0.446875 0.683333 0.062500 0.095833
4 0.528125 0.691667 0.059375 0.095833
4 0.606250 0.694792 0.056250 0.072917
4 0.361719 0.784375 0.057813 0.072917
4 0.440625 0.791667 0.056250 0.070833
4 0.522656 0.795833 0.057813 0.075000
4 0.603125 0.800000 0.056250 0.075000
4 0.358594 0.888542 0.057813 0.077083
4 0.438281 0.895833 0.054688 0.070833
4 0.519531 0.901042 0.054688 0.068750
4 0.599219 0.902083 0.057813 0.075000
0 0.493750 0.610417 0.362500 0.720833
