2 0.390625 0.419792 0.065625 0.089583
4 0.463281 0.428125 0.064062 0.089583
4 0.535937 0.440625 0.059375 0.085417
4 0.611719 0.444792 0.054688 0.085417
4 0.389844 0.530208 0.073438 0.097917
4 0.461719 0.537500 0.054688 0.100000
4 0.532031 0.538542 0.067187 0.097917
4 0.609375 0.547917 0.062500 0.083333
4 0.603125 0.654167 0.062500 0.100000
4 0.525781 0.647917 0.067187 0.095833
4 0.456250 0.645833 0.071875 0.083333
4 0.382812 0.629167 0.065625 0.087500
4 0.382812 0.740625 0.062500 0.085417
4 0.457813 0.752083 0.062500 0.075000
4 0.527344 0.752083 0.057813 0.075000
4 0.597656 0.756250 0.057813 0.083333
4 0.594531 0.852083 0.054688 0.095833
4 0.520312 0.846875 0.062500 0.085417
4 0.451562 0.846875 0.065625 0.077083
4 0.376563 0.842708 0.065625 0.085417
0 0.493750 0.660417 0.340625 0.612500
