4 0.561719 0.242708 0.060937 0.081250
4 0.470313 0.292708 0.059375 0.072917
4 0.375781 0.340625 0.067187 0.081250
4 0.407031 0.451042 0.057813 0.072917
4 0.591406 0.355208 0.054688 0.072917
4 0.624219 0.465625 0.057813 0.077083
4 0.439063 0.562500 0.059375 0.070833
4 0.472656 0.669792 0.057813 0.072917
4 0.502344 0.779167 0.054688 0.075000
4 0.533594 0.883333 0.054688 0.075000
4 0.625000 0.838542 0.053125 0.068750
4 0.715625 0.794792 0.053125 0.068750
4 0.685937 0.686458 0.050000 0.068750
4 0.657031 0.576042 0.057813 0.068750
0 0.546094 0.550000 0.485938 0.866667
