4 0.351562 0.370833 0.062500 0.091667
4 0.407031 0.514583 0.064062 0.079167
4 0.326562 0.477083 0.065625 0.083333
4 0.560156 0.584375 0.057813 0.068750
4 0.486719 0.548958 0.057813 0.072917
4 0.382812 0.612500 0.062500 0.075000
4 0.300781 0.581250 0.067187 0.079167
4 0.535156 0.682292 0.057813 0.072917
4 0.460938 0.648958 0.059375 0.072917
4 0.357812 0.716667 0.062500 0.075000
4 0.276562 0.683333 0.071875 0.079167
4 0.510938 0.779167 0.059375 0.075000
4 0.437500 0.752083 0.059375 0.075000
4 0.252344 0.786458 0.067187 0.072917
4 0.332031 0.818750 0.057813 0.070833
2 0.488281 0.878125 0.057813 0.093750
2 0.421094 0.851042 0.067187 0.093750
2 0.455469 0.311458 0.067187 0.085417
2 0.375000 0.268750 0.065625 0.095833
2 0.535937 0.345833 0.062500 0.083333
2 0.607031 0.386458 0.064062 0.089583
2 0.583594 0.484375 0.064062 0.072917
2 0.507812 0.450000 0.065625 0.083333
2 0.430469 0.412500 0.067187 0.091667
0 0.437500 0.553125 0.475000 0.793750
