2 0.346094 0.609375 0.067187 0.156250
4 0.473438 0.622917 0.043750 0.150000
4 0.410938 0.611458 0.056250 0.156250
4 0.600000 0.633333 0.043750 0.145833
4 0.539062 0.627083 0.043750 0.145833
4 0.653906 0.828125 0.042188 0.152083
4 0.600000 0.829167 0.050000 0.145833
2 0.664844 0.635417 0.051562 0.154167
2 0.339844 0.798958 0.057813 0.156250
2 0.403125 0.805208 0.062500 0.156250
4 0.465625 0.809375 0.056250 0.172917
4 0.529687 0.810417 0.050000 0.166667
0 0.513281 0.729167 0.467187 0.462500
