4 0.521094 0.411458 0.054688 0.068750
4 0.599219 0.419792 0.051562 0.052083
4 0.667969 0.432292 0.048438 0.064583
4 0.741406 0.436458 0.051562 0.077083
4 0.738281 0.541667 0.045312 0.062500
4 0.664062 0.529167 0.050000 0.066667
4 0.589063 0.525000 0.056250 0.050000
4 0.517188 0.514583 0.043750 0.070833
4 0.512500 0.615625 0.053125 0.064583
4 0.590625 0.629167 0.046875 0.054167
4 0.660156 0.631250 0.054688 0.054167
4 0.730469 0.634375 0.051562 0.064583
4 0.728125 0.731250 0.050000 0.054167
4 0.726562 0.835417 0.046875 0.066667
4 0.719531 0.931250 0.048438 0.058333
4 0.649219 0.825000 0.051562 0.062500
4 0.655469 0.727083 0.057813 0.066667
4 0.584375 0.725000 0.053125 0.062500
4 0.510156 0.718750 0.057813 0.058333
4 0.507031 0.820833 0.045312 0.058333
4 0.579688 0.826042 0.053125 0.060417
4 0.578125 0.918750 0.050000 0.062500
4 0.505469 0.917708 0.051562 0.060417
4 0.648438 0.923958 0.050000 0.064583
0 0.622656 0.651042 0.345313 0.697917
