2 0.422656 0.293750 0.051562 0.075000
2 0.536719 0.659375 0.048438 0.077083
2 0.414062 0.648958 0.062500 0.077083
2 0.409375 0.757292 0.059375 0.064583
2 0.521875 0.881250 0.043750 0.075000
2 0.403125 0.873958 0.046875 0.068750
4 0.543750 0.429167 0.043750 0.066667
4 0.546875 0.312500 0.043750 0.066667
4 0.415625 0.528125 0.046875 0.064583
4 0.420312 0.411458 0.046875 0.068750
4 0.537500 0.541667 0.043750 0.058333
4 0.526563 0.766667 0.043750 0.058333
0 0.470313 0.561458 0.275000 0.789583
