2 0.627344 0.370833 0.064062 0.083333
2 0.553906 0.361458 0.067187 0.085417
2 0.469531 0.351042 0.067187 0.085417
2 0.385156 0.340625 0.070312 0.093750
2 0.625000 0.476042 0.059375 0.072917
2 0.546094 0.470833 0.067187 0.083333
2 0.468750 0.464583 0.065625 0.083333
4 0.623437 0.581250 0.056250 0.075000
4 0.545312 0.577083 0.062500 0.079167
4 0.464062 0.566667 0.059375 0.079167
4 0.381250 0.559375 0.065625 0.081250
4 0.619531 0.684375 0.057813 0.072917
4 0.541406 0.680208 0.057813 0.077083
4 0.460938 0.672917 0.062500 0.079167
4 0.377344 0.665625 0.064062 0.081250
4 0.614844 0.787500 0.057813 0.079167
4 0.457813 0.779167 0.062500 0.075000
4 0.537500 0.784375 0.059375 0.072917
4 0.375000 0.777083 0.062500 0.075000
4 0.607812 0.887500 0.056250 0.075000
4 0.453125 0.882292 0.059375 0.077083
4 0.534375 0.885417 0.059375 0.079167
4 0.383594 0.451042 0.064062 0.085417
4 0.372656 0.879167 0.057813 0.070833
0 0.503125 0.587500 0.362500 0.716667
