4 0.485156 0.332292 0.110937 0.093750
4 0.460938 0.427083 0.112500 0.091667
4 0.439063 0.522917 0.112500 0.091667
4 0.411719 0.620833 0.114062 0.087500
4 0.386719 0.715625 0.120313 0.089583
4 0.596094 0.493750 0.107813 0.087500
4 0.579688 0.591667 0.112500 0.091667
4 0.553125 0.684375 0.106250 0.089583
4 0.532031 0.777083 0.107813 0.087500
2 0.620313 0.409375 0.112500 0.089583
2 0.504687 0.244792 0.118750 0.110417
2 0.644531 0.315625 0.117188 0.089583
0 0.514844 0.504167 0.442188 0.754167
