4 0.614844 0.459375 0.104688 0.072917
4 0.473438 0.423958 0.109375 0.081250
4 0.600781 0.567708 0.104688 0.072917
4 0.459375 0.533333 0.109375 0.075000
4 0.445312 0.643750 0.109375 0.075000
4 0.588281 0.673958 0.104688 0.077083
4 0.419531 0.861458 0.104688 0.081250
4 0.432031 0.755208 0.104688 0.089583
2 0.625781 0.355208 0.110937 0.081250
2 0.484375 0.314583 0.109375 0.091667
2 0.571094 0.777083 0.101562 0.100000
2 0.562500 0.889583 0.096875 0.095833
0 0.531250 0.571875 0.393750 0.797917
