4 0.389062 0.537500 0.075000 0.112500
4 0.482812 0.361458 0.071875 0.122917
4 0.470313 0.189583 0.078125 0.145833
4 0.378906 0.369792 0.085938 0.135417
4 0.365625 0.196875 0.087500 0.147917
4 0.495312 0.531250 0.081250 0.125000
4 0.266406 0.377083 0.101562 0.137500
4 0.279687 0.550000 0.090625 0.125000
2 0.264062 0.205208 0.075000 0.143750
2 0.407031 0.706250 0.085938 0.125000
2 0.508594 0.691667 0.082812 0.129167
2 0.296875 0.716667 0.093750 0.125000
0 0.384375 0.476042 0.406250 0.789583
