4 0.676562 0.319792 0.093750 0.064583
4 0.658594 0.792708 0.085938 0.043750
4 0.660156 0.712500 0.085938 0.050000
4 0.674219 0.396875 0.085938 0.047917
4 0.666406 0.556250 0.089063 0.050000
4 0.663281 0.632292 0.089063 0.052083
4 0.669531 0.476042 0.089063 0.052083
4 0.515625 0.704167 0.093750 0.058333
4 0.519531 0.627083 0.098437 0.062500
2 0.528906 0.305208 0.095312 0.072917
2 0.525781 0.387500 0.095312 0.062500
2 0.521875 0.468750 0.093750 0.062500
2 0.521875 0.546875 0.090625 0.060417
2 0.654687 0.864583 0.093750 0.070833
2 0.514844 0.784375 0.098437 0.068750
2 0.509375 0.859375 0.093750 0.081250
0 0.595313 0.566667 0.331250 0.720833
