2 0.399219 0.216667 0.064062 0.179167
2 0.395313 0.415625 0.059375 0.160417
2 0.387500 0.601042 0.059375 0.160417
2 0.382812 0.789583 0.065625 0.137500
4 0.480469 0.230208 0.039062 0.156250
4 0.557813 0.242708 0.040625 0.156250
4 0.471094 0.425000 0.035937 0.145833
4 0.545312 0.435417 0.040625 0.145833
4 0.465625 0.610417 0.040625 0.141667
4 0.532031 0.617708 0.039062 0.139583
4 0.456250 0.788542 0.040625 0.139583
4 0.532031 0.795833 0.035937 0.141667
0 0.467187 0.522917 0.284375 0.850000
