4 0.458594 0.210417 0.057813 0.095833
4 0.382812 0.234375 0.062500 0.093750
4 0.299219 0.261458 0.064062 0.093750
4 0.220312 0.286458 0.071875 0.093750
4 0.403125 0.339583 0.056250 0.087500
4 0.484375 0.315625 0.059375 0.089583
4 0.327344 0.367708 0.067187 0.085417
4 0.241406 0.393750 0.064062 0.083333
4 0.351562 0.476042 0.065625 0.081250
4 0.271094 0.501042 0.070312 0.081250
4 0.429688 0.447917 0.062500 0.083333
4 0.507031 0.421875 0.057813 0.081250
4 0.550781 0.619792 0.057813 0.072917
4 0.528906 0.520833 0.057813 0.079167
4 0.455469 0.550000 0.057813 0.079167
4 0.478125 0.650000 0.056250 0.070833
4 0.376563 0.579167 0.065625 0.079167
4 0.296094 0.608333 0.064062 0.075000
4 0.396094 0.681250 0.054688 0.070833
4 0.321875 0.710417 0.065625 0.075000
4 0.346094 0.809375 0.057813 0.072917
4 0.422656 0.782292 0.054688 0.072917
2 0.575000 0.720833 0.062500 0.075000
2 0.500000 0.752083 0.062500 0.083333
0 0.397656 0.527083 0.464062 0.758333
