4 0.329688 0.603125 0.056250 0.064583
4 0.413281 0.612500 0.051562 0.075000
4 0.494531 0.620833 0.057813 0.062500
4 0.578125 0.622917 0.043750 0.062500
4 0.666406 0.632292 0.048438 0.064583
4 0.660156 0.763542 0.051562 0.072917
4 0.575000 0.755208 0.043750 0.068750
4 0.489844 0.752083 0.057813 0.066667
4 0.407031 0.741667 0.054688 0.062500
4 0.318750 0.741667 0.059375 0.075000
4 0.399219 0.878125 0.035937 0.056250
4 0.482812 0.886458 0.050000 0.072917
4 0.567969 0.898958 0.057813 0.068750
4 0.653906 0.900000 0.048438 0.079167
2 0.320312 0.863542 0.059375 0.077083
0 0.504687 0.762500 0.465625 0.437500
