4 0.444531 0.478125 0.067187 0.085417
4 0.537500 0.483333 0.065625 0.087500
4 0.530469 0.614583 0.064062 0.083333
4 0.438281 0.607292 0.064062 0.085417
4 0.349219 0.602083 0.070312 0.083333
4 0.521094 0.870833 0.064062 0.083333
4 0.338281 0.854167 0.064062 0.083333
4 0.429688 0.862500 0.065625 0.083333
2 0.357031 0.478125 0.079687 0.106250
2 0.348438 0.729167 0.071875 0.104167
2 0.438281 0.732292 0.067187 0.089583
2 0.529687 0.742708 0.071875 0.089583
0 0.442188 0.652083 0.318750 0.591667
