2 0.384375 0.263542 0.065625 0.093750
2 0.593750 0.292708 0.065625 0.089583
2 0.471094 0.866667 0.057813 0.083333
2 0.567969 0.877083 0.057813 0.083333
2 0.371094 0.864583 0.067187 0.079167
4 0.378906 0.510417 0.057813 0.079167
4 0.382031 0.389583 0.057813 0.079167
4 0.375781 0.634375 0.051562 0.068750
4 0.489844 0.278125 0.054688 0.077083
4 0.582031 0.528125 0.054688 0.072917
4 0.588281 0.410417 0.054688 0.075000
4 0.576562 0.648958 0.050000 0.068750
4 0.570312 0.763542 0.050000 0.072917
4 0.372656 0.751042 0.054688 0.064583
0 0.485938 0.555208 0.340625 0.822917
