4 0.324219 0.545833 0.129688 0.058333
4 0.322656 0.446875 0.132812 0.068750
4 0.331250 0.745833 0.121875 0.054167
4 0.326562 0.647917 0.121875 0.054167
4 0.478125 0.742708 0.109375 0.052083
4 0.475000 0.542708 0.118750 0.052083
4 0.476562 0.643750 0.112500 0.058333
2 0.471094 0.239583 0.126562 0.079167
2 0.311719 0.228125 0.142187 0.089583
2 0.473438 0.342708 0.121875 0.081250
2 0.319531 0.339583 0.135937 0.075000
2 0.475000 0.442708 0.121875 0.081250
0 0.392969 0.485417 0.354687 0.700000
