4 0.483594 0.221875 0.114062 0.089583
4 0.344531 0.270833 0.110937 0.083333
4 0.373437 0.380208 0.106250 0.077083
4 0.502344 0.334375 0.104688 0.072917
4 0.525781 0.450000 0.104688 0.075000
4 0.392188 0.495833 0.109375 0.079167
4 0.550781 0.564583 0.104688 0.070833
4 0.421094 0.614583 0.114062 0.083333
2 0.446094 0.719792 0.114062 0.085417
2 0.578125 0.678125 0.112500 0.089583
2 0.469531 0.836458 0.117188 0.093750
2 0.596875 0.785417 0.112500 0.091667
0 0.475781 0.535417 0.445312 0.858333
