2 0.461719 0.698958 0.067187 0.102083
2 0.460938 0.577083 0.065625 0.100000
2 0.463281 0.450000 0.067187 0.091667
2 0.558594 0.455208 0.070312 0.093750
2 0.546094 0.707292 0.067187 0.085417
2 0.550781 0.582292 0.067187 0.102083
2 0.650781 0.468750 0.067187 0.091667
2 0.637500 0.837500 0.071875 0.091667
2 0.639062 0.717708 0.071875 0.089583
2 0.644531 0.597917 0.067187 0.100000
2 0.450000 0.826042 0.078125 0.093750
2 0.541406 0.833333 0.073438 0.100000
0 0.549219 0.662500 0.317188 0.583333
