4 0.611719 0.326042 0.054688 0.085417
4 0.532813 0.327083 0.062500 0.091667
4 0.456250 0.328125 0.059375 0.093750
4 0.296875 0.315625 0.078125 0.097917
4 0.611719 0.434375 0.057813 0.085417
4 0.535156 0.436458 0.057813 0.085417
4 0.459375 0.434375 0.059375 0.085417
4 0.381250 0.430208 0.065625 0.089583
4 0.297656 0.425000 0.070312 0.087500
4 0.610938 0.539583 0.056250 0.079167
4 0.535156 0.539583 0.057813 0.083333
4 0.457813 0.539583 0.059375 0.079167
4 0.381250 0.537500 0.062500 0.079167
4 0.297656 0.532292 0.067187 0.081250
4 0.611719 0.642708 0.057813 0.072917
4 0.535937 0.641667 0.056250 0.075000
4 0.459375 0.643750 0.062500 0.079167
4 0.381250 0.642708 0.062500 0.077083
4 0.298438 0.641667 0.065625 0.079167
4 0.610938 0.745833 0.056250 0.070833
4 0.535937 0.746875 0.056250 0.072917
4 0.459375 0.745833 0.059375 0.075000
4 0.382812 0.746875 0.062500 0.077083
4 0.298438 0.747917 0.065625 0.075000
4 0.296875 0.859375 0.062500 0.072917
4 0.382031 0.851042 0.064062 0.081250
2 0.607812 0.850000 0.056250 0.083333
2 0.460156 0.851042 0.057813 0.085417
2 0.535937 0.846875 0.059375 0.089583
4 0.380469 0.323958 0.064062 0.085417
0 0.450000 0.598958 0.440625 0.727083
