4 0.402344 0.275000 0.057813 0.087500
4 0.498437 0.285417 0.056250 0.095833
4 0.595313 0.289583 0.056250 0.087500
4 0.397656 0.403125 0.067187 0.093750
4 0.592969 0.403125 0.064062 0.085417
4 0.396875 0.514583 0.065625 0.095833
4 0.589063 0.517708 0.059375 0.097917
4 0.582031 0.635417 0.070312 0.087500
4 0.578906 0.758333 0.064062 0.087500
4 0.482812 0.859375 0.062500 0.089583
4 0.383594 0.851042 0.064062 0.085417
4 0.388281 0.744792 0.070312 0.093750
4 0.392969 0.628125 0.070312 0.085417
2 0.574219 0.867708 0.067187 0.093750
0 0.494531 0.562500 0.329688 0.791667
