4 0.564063 0.438542 0.103125 0.052083
4 0.565625 0.522917 0.106250 0.054167
4 0.417969 0.528125 0.114062 0.056250
4 0.566406 0.608333 0.104688 0.054167
4 0.425000 0.617708 0.112500 0.052083
4 0.569531 0.692708 0.104688 0.047917
4 0.428125 0.701042 0.112500 0.056250
4 0.432812 0.786458 0.106250 0.052083
2 0.415625 0.444792 0.118750 0.064583
2 0.570312 0.776042 0.106250 0.077083
2 0.571875 0.856250 0.112500 0.075000
2 0.435937 0.863542 0.109375 0.089583
0 0.492188 0.634375 0.337500 0.593750
