4 0.350781 0.593750 0.057813 0.079167
4 0.450000 0.606250 0.062500 0.083333
4 0.545312 0.612500 0.062500 0.083333
4 0.635938 0.623958 0.071875 0.068750
4 0.733594 0.630208 0.051562 0.072917
4 0.355469 0.694792 0.054688 0.072917
4 0.450000 0.702083 0.059375 0.075000
4 0.539844 0.707292 0.064062 0.077083
4 0.633594 0.717708 0.067187 0.085417
4 0.731250 0.725000 0.059375 0.079167
2 0.356250 0.781250 0.078125 0.079167
4 0.446875 0.795833 0.062500 0.079167
4 0.539844 0.803125 0.064062 0.068750
4 0.632031 0.807292 0.064062 0.077083
4 0.724219 0.815625 0.064062 0.072917
4 0.718750 0.904167 0.059375 0.079167
4 0.625000 0.901042 0.059375 0.077083
4 0.536719 0.892708 0.057813 0.072917
4 0.446875 0.887500 0.065625 0.083333
4 0.355469 0.881250 0.070312 0.083333
0 0.530469 0.754167 0.526563 0.445833
