4 0.577344 0.541667 0.110937 0.058333
4 0.432031 0.533333 0.117188 0.054167
4 0.575000 0.627083 0.109375 0.054167
4 0.429688 0.620833 0.112500 0.058333
4 0.572656 0.714583 0.104688 0.050000
4 0.427344 0.704167 0.110937 0.054167
4 0.567969 0.798958 0.104688 0.052083
4 0.425000 0.788542 0.106250 0.052083
4 0.565625 0.881250 0.103125 0.050000
4 0.420312 0.871875 0.106250 0.052083
4 0.582812 0.455208 0.106250 0.052083
2 0.433594 0.441667 0.117188 0.075000
0 0.507812 0.643750 0.334375 0.616667
