4 0.392188 0.383333 0.125000 0.075000
4 0.391406 0.485417 0.129688 0.075000
4 0.385937 0.582292 0.128125 0.068750
4 0.382812 0.676042 0.125000 0.060417
4 0.531250 0.783333 0.112500 0.054167
4 0.527344 0.876042 0.114062 0.052083
2 0.533594 0.687500 0.110937 0.066667
2 0.536719 0.590625 0.117188 0.072917
2 0.544531 0.401042 0.117188 0.072917
2 0.541406 0.497917 0.120313 0.083333
2 0.379688 0.776042 0.118750 0.081250
2 0.377344 0.865625 0.126562 0.072917
0 0.462500 0.617708 0.337500 0.643750
