4 0.534375 0.219792 0.112500 0.110417
4 0.562500 0.335417 0.103125 0.095833
4 0.594531 0.442708 0.104688 0.097917
4 0.636719 0.547917 0.107813 0.100000
4 0.660156 0.660417 0.110937 0.100000
4 0.699219 0.761458 0.104688 0.093750
4 0.568750 0.832292 0.103125 0.093750
4 0.538281 0.729167 0.104688 0.100000
4 0.503125 0.615625 0.106250 0.089583
4 0.467969 0.510417 0.110937 0.100000
2 0.409375 0.296875 0.118750 0.110417
2 0.442969 0.412500 0.117188 0.104167
0 0.548438 0.523958 0.468750 0.868750
