2 0.344531 0.378125 0.054688 0.072917
4 0.450781 0.393750 0.051562 0.070833
4 0.553125 0.405208 0.053125 0.081250
4 0.339844 0.494792 0.054688 0.077083
4 0.445312 0.506250 0.053125 0.066667
4 0.552344 0.519792 0.051562 0.072917
4 0.335938 0.613542 0.056250 0.072917
4 0.441406 0.627083 0.051562 0.070833
4 0.543750 0.635417 0.059375 0.075000
4 0.332813 0.732292 0.053125 0.077083
4 0.438281 0.735417 0.054688 0.075000
4 0.539062 0.747917 0.050000 0.066667
4 0.330469 0.847917 0.057813 0.079167
4 0.433594 0.852083 0.054688 0.066667
0 0.435156 0.631250 0.323437 0.633333
4 0.537500 0.858333 0.053125 0.066667
