2 0.317969 0.300000 0.110937 0.075000
2 0.478125 0.327083 0.103125 0.075000
2 0.298438 0.880208 0.109375 0.072917
4 0.308594 0.386458 0.098437 0.052083
4 0.473438 0.407292 0.093750 0.047917
4 0.467187 0.491667 0.093750 0.054167
4 0.309375 0.470833 0.103125 0.054167
4 0.463281 0.573958 0.095312 0.052083
4 0.307031 0.556250 0.104688 0.054167
4 0.460156 0.657292 0.095312 0.052083
4 0.304688 0.641667 0.109375 0.058333
4 0.457813 0.737500 0.093750 0.045833
4 0.300781 0.723958 0.098437 0.052083
4 0.451562 0.815625 0.090625 0.047917
4 0.300000 0.806250 0.106250 0.054167
4 0.448437 0.897917 0.090625 0.045833
0 0.383594 0.573958 0.360938 0.764583
