2 0.550781 0.378125 0.117188 0.072917
2 0.405469 0.369792 0.126562 0.077083
2 0.550781 0.802083 0.104688 0.070833
4 0.550781 0.460417 0.117188 0.054167
4 0.404687 0.460417 0.121875 0.062500
4 0.549219 0.547917 0.114062 0.054167
4 0.403906 0.550000 0.117188 0.058333
4 0.546875 0.635417 0.106250 0.050000
4 0.408594 0.633333 0.114062 0.054167
4 0.550000 0.719792 0.106250 0.052083
4 0.405469 0.720833 0.110937 0.050000
4 0.406250 0.806250 0.109375 0.045833
0 0.471875 0.605208 0.337500 0.610417
