4 0.588281 0.470833 0.035937 0.054167
4 0.472656 0.469792 0.039062 0.052083
4 0.547656 0.543750 0.039062 0.054167
4 0.618750 0.616667 0.040625 0.054167
4 0.430469 0.541667 0.039062 0.054167
4 0.507812 0.616667 0.040625 0.054167
4 0.576562 0.689583 0.040625 0.054167
4 0.389844 0.614583 0.039062 0.054167
4 0.465625 0.688542 0.037500 0.052083
4 0.536719 0.759375 0.042188 0.056250
4 0.347656 0.689583 0.042188 0.054167
4 0.426563 0.760417 0.043750 0.058333
4 0.496875 0.830208 0.040625 0.052083
4 0.385937 0.831250 0.037500 0.050000
0 0.479687 0.634375 0.478125 0.672917
