4 0.306250 0.205208 0.112500 0.156250
4 0.440625 0.212500 0.118750 0.166667
4 0.577344 0.215625 0.104688 0.152083
4 0.310937 0.427083 0.112500 0.145833
4 0.447656 0.423958 0.095312 0.135417
4 0.571094 0.428125 0.098437 0.156250
4 0.314844 0.636458 0.101562 0.156250
4 0.442188 0.638542 0.106250 0.160417
4 0.571094 0.632292 0.098437 0.152083
4 0.320312 0.821875 0.115625 0.147917
4 0.452344 0.821875 0.101562 0.160417
4 0.572656 0.829167 0.092188 0.150000
0 0.449219 0.527083 0.439063 0.908333
