2 0.310156 0.585417 0.054688 0.070833
2 0.300000 0.780208 0.059375 0.068750
2 0.307031 0.681250 0.054688 0.070833
2 0.292187 0.873958 0.059375 0.068750
2 0.598437 0.603125 0.046875 0.068750
2 0.666406 0.608333 0.048438 0.070833
2 0.592969 0.696875 0.048438 0.064583
2 0.660156 0.697917 0.051562 0.066667
2 0.592187 0.792708 0.050000 0.072917
2 0.658594 0.790625 0.051562 0.064583
2 0.657813 0.883333 0.056250 0.062500
2 0.586719 0.883333 0.048438 0.075000
4 0.523438 0.596875 0.046875 0.068750
4 0.451562 0.592708 0.050000 0.068750
4 0.377344 0.587500 0.051562 0.070833
4 0.521875 0.693750 0.043750 0.062500
4 0.451562 0.686458 0.050000 0.064583
4 0.378906 0.685417 0.054688 0.062500
4 0.520312 0.784375 0.046875 0.064583
4 0.448437 0.780208 0.050000 0.064583
4 0.377344 0.779167 0.054688 0.062500
4 0.517969 0.878125 0.048438 0.064583
4 0.446094 0.876042 0.048438 0.064583
4 0.371094 0.877083 0.054688 0.070833
0 0.494531 0.737500 0.520312 0.441667
