4 0.641406 0.389583 0.114062 0.112500
4 0.475781 0.387500 0.117188 0.112500
4 0.446094 0.480208 0.126562 0.118750
4 0.409375 0.566667 0.121875 0.112500
4 0.546094 0.655208 0.114062 0.114583
4 0.376563 0.663542 0.115625 0.110417
4 0.514844 0.748958 0.117188 0.110417
4 0.338281 0.753125 0.129688 0.110417
4 0.479687 0.841667 0.128125 0.112500
2 0.509375 0.301042 0.118750 0.102083
2 0.610156 0.481250 0.117188 0.104167
2 0.578906 0.570833 0.117188 0.108333
0 0.487500 0.587500 0.481250 0.745833
