4 0.553125 0.342708 0.100000 0.110417
4 0.676562 0.451042 0.096875 0.114583
4 0.639062 0.526042 0.096875 0.106250
4 0.481250 0.496875 0.103125 0.110417
4 0.604688 0.603125 0.100000 0.106250
4 0.446094 0.571875 0.107813 0.114583
4 0.569531 0.681250 0.095312 0.104167
4 0.407813 0.647917 0.100000 0.108333
4 0.376563 0.725000 0.093750 0.104167
4 0.532813 0.753125 0.093750 0.102083
4 0.495312 0.826042 0.100000 0.106250
2 0.520312 0.418750 0.090625 0.104167
0 0.525781 0.590625 0.482812 0.735417
