2 0.528125 0.316667 0.103125 0.141667
2 0.576562 0.387500 0.103125 0.125000
2 0.622656 0.464583 0.101562 0.133333
2 0.666406 0.534375 0.101562 0.131250
2 0.419531 0.452083 0.104688 0.133333
2 0.304688 0.572917 0.112500 0.120833
2 0.351562 0.644792 0.112500 0.127083
2 0.403125 0.716667 0.109375 0.120833
2 0.446094 0.788542 0.098437 0.118750
2 0.467969 0.517708 0.098437 0.127083
2 0.511719 0.593750 0.098437 0.133333
2 0.558594 0.664583 0.098437 0.125000
0 0.482031 0.538542 0.564063 0.739583
