4 0.396875 0.365625 0.121875 0.068750
4 0.550781 0.386458 0.120313 0.072917
4 0.545312 0.487500 0.118750 0.062500
4 0.390625 0.470833 0.121875 0.062500
4 0.539844 0.588542 0.117188 0.056250
4 0.388281 0.571875 0.120313 0.056250
4 0.533594 0.690625 0.117188 0.056250
4 0.387500 0.679167 0.121875 0.062500
4 0.382812 0.775000 0.121875 0.058333
4 0.532031 0.787500 0.117188 0.058333
4 0.526563 0.880208 0.112500 0.056250
2 0.385156 0.870833 0.129688 0.083333
0 0.466406 0.603125 0.335938 0.693750
