2 0.336719 0.314583 0.110937 0.095833
2 0.475781 0.339583 0.098437 0.100000
2 0.472656 0.446875 0.098437 0.085417
2 0.335938 0.430208 0.109375 0.085417
2 0.332813 0.539583 0.103125 0.079167
2 0.469531 0.556250 0.098437 0.075000
2 0.338281 0.655208 0.101562 0.081250
2 0.467969 0.662500 0.095312 0.079167
2 0.463281 0.764583 0.095312 0.075000
2 0.331250 0.757292 0.103125 0.081250
2 0.329688 0.861458 0.103125 0.085417
2 0.461719 0.868750 0.098437 0.079167
0 0.404687 0.558333 0.315625 0.750000
