4 0.507031 0.427083 0.064062 0.050000
4 0.603125 0.432292 0.065625 0.052083
4 0.407031 0.414583 0.067187 0.054167
4 0.596094 0.568750 0.064062 0.050000
4 0.500781 0.563542 0.064062 0.052083
4 0.402344 0.553125 0.067187 0.052083
4 0.590625 0.703125 0.062500 0.052083
4 0.498437 0.694792 0.062500 0.052083
4 0.399219 0.688542 0.067187 0.052083
4 0.396094 0.826042 0.064062 0.043750
2 0.585938 0.833333 0.065625 0.058333
2 0.492969 0.828125 0.067187 0.060417
0 0.496094 0.605208 0.332813 0.631250
