4 0.267188 0.220833 0.065625 0.083333
4 0.342187 0.213542 0.065625 0.081250
4 0.413281 0.197917 0.067187 0.083333
4 0.420312 0.310417 0.059375 0.079167
4 0.278906 0.329167 0.064062 0.075000
4 0.350000 0.320833 0.062500 0.079167
4 0.428125 0.418750 0.059375 0.075000
4 0.357812 0.429167 0.062500 0.075000
4 0.285938 0.435417 0.062500 0.075000
4 0.433594 0.526042 0.054688 0.072917
4 0.365625 0.534375 0.062500 0.072917
4 0.294531 0.541667 0.064062 0.070833
4 0.371094 0.637500 0.057813 0.070833
4 0.298438 0.644792 0.062500 0.068750
4 0.303125 0.748958 0.056250 0.068750
2 0.451562 0.730208 0.062500 0.081250
2 0.381250 0.738542 0.059375 0.085417
2 0.442188 0.629167 0.059375 0.095833
2 0.453906 0.834375 0.051562 0.072917
2 0.385156 0.838542 0.070312 0.089583
2 0.313281 0.844792 0.067187 0.085417
0 0.360156 0.530208 0.292187 0.818750
