4 0.457031 0.679167 0.042188 0.062500
4 0.520312 0.685417 0.040625 0.050000
4 0.589063 0.690625 0.040625 0.052083
4 0.653125 0.696875 0.043750 0.052083
4 0.389062 0.785417 0.040625 0.054167
4 0.451562 0.791667 0.037500 0.041667
4 0.513281 0.803125 0.045312 0.056250
4 0.582812 0.805208 0.043750 0.056250
4 0.646094 0.809375 0.039062 0.047917
4 0.713281 0.815625 0.035937 0.052083
4 0.446094 0.907292 0.035937 0.047917
4 0.509375 0.914583 0.037500 0.054167
4 0.576562 0.919792 0.043750 0.052083
4 0.642969 0.931250 0.042188 0.050000
0 0.550000 0.802083 0.450000 0.395833
