2 0.349219 0.603125 0.073438 0.106250
2 0.450000 0.620833 0.075000 0.100000
2 0.542188 0.619792 0.075000 0.093750
2 0.633594 0.629167 0.067187 0.095833
2 0.343750 0.731250 0.081250 0.095833
2 0.439844 0.740625 0.067187 0.093750
2 0.537500 0.743750 0.078125 0.095833
2 0.630469 0.756250 0.064062 0.100000
2 0.340625 0.861458 0.078125 0.102083
2 0.435937 0.864583 0.065625 0.100000
2 0.525781 0.878125 0.070312 0.097917
2 0.621875 0.876042 0.075000 0.093750
0 0.471094 0.735417 0.442188 0.429167
