4 0.503125 0.352083 0.109375 0.091667
4 0.484375 0.446875 0.115625 0.089583
4 0.648438 0.411458 0.118750 0.089583
4 0.628906 0.498958 0.114062 0.093750
4 0.607812 0.594792 0.106250 0.085417
4 0.586719 0.687500 0.114062 0.087500
4 0.569531 0.778125 0.110937 0.085417
4 0.550000 0.866667 0.112500 0.079167
2 0.467969 0.539583 0.114062 0.100000
2 0.449219 0.629167 0.117188 0.091667
2 0.430469 0.718750 0.114062 0.091667
2 0.408594 0.807292 0.114062 0.093750
0 0.520312 0.620833 0.412500 0.675000
