2 0.332031 0.359375 0.073438 0.089583
2 0.575781 0.341667 0.073438 0.083333
2 0.519531 0.663542 0.057813 0.085417
2 0.610938 0.859375 0.056250 0.081250
2 0.383594 0.892708 0.070312 0.102083
4 0.412500 0.360417 0.062500 0.083333
4 0.495312 0.351042 0.059375 0.085417
4 0.502344 0.454167 0.057813 0.075000
4 0.421875 0.464583 0.059375 0.079167
4 0.342187 0.468750 0.065625 0.083333
4 0.587500 0.545833 0.062500 0.075000
4 0.580469 0.445833 0.057813 0.079167
4 0.511719 0.557292 0.057813 0.072917
4 0.432812 0.566667 0.059375 0.075000
4 0.351562 0.572917 0.065625 0.079167
4 0.360156 0.681250 0.064062 0.075000
4 0.527344 0.764583 0.054688 0.075000
4 0.450000 0.775000 0.059375 0.075000
4 0.370312 0.785417 0.065625 0.075000
4 0.604688 0.754167 0.059375 0.075000
4 0.596875 0.651042 0.059375 0.081250
4 0.535937 0.864583 0.059375 0.079167
4 0.460156 0.873958 0.057813 0.077083
4 0.442188 0.670833 0.059375 0.075000
0 0.463281 0.591667 0.398438 0.716667
