4 0.357031 0.839583 0.064062 0.079167
2 0.558594 0.454167 0.067187 0.095833
2 0.464062 0.448958 0.071875 0.102083
2 0.367188 0.435417 0.078125 0.100000
2 0.555469 0.588542 0.070312 0.089583
2 0.463281 0.581250 0.070312 0.100000
2 0.362500 0.575000 0.081250 0.091667
2 0.551562 0.719792 0.071875 0.089583
2 0.457813 0.710417 0.071875 0.095833
2 0.360938 0.701042 0.081250 0.093750
2 0.542969 0.840625 0.070312 0.093750
2 0.447656 0.835417 0.067187 0.091667
0 0.458594 0.620833 0.329688 0.604167
