4 0.560937 0.301042 0.056250 0.085417
4 0.479687 0.290625 0.059375 0.089583
4 0.396094 0.278125 0.064062 0.093750
4 0.632031 0.522917 0.057813 0.075000
4 0.637500 0.415625 0.059375 0.085417
4 0.642969 0.309375 0.057813 0.085417
4 0.557031 0.406250 0.057813 0.083333
4 0.475000 0.401042 0.059375 0.081250
4 0.390625 0.389583 0.062500 0.087500
4 0.553125 0.516667 0.059375 0.075000
4 0.472656 0.508333 0.057813 0.079167
4 0.389844 0.500000 0.064062 0.079167
4 0.628906 0.627083 0.057813 0.075000
4 0.550781 0.620833 0.057813 0.075000
4 0.470313 0.616667 0.062500 0.075000
4 0.388281 0.610417 0.064062 0.075000
4 0.624219 0.732292 0.057813 0.072917
4 0.467187 0.721875 0.059375 0.077083
4 0.546094 0.725000 0.057813 0.075000
4 0.387500 0.716667 0.062500 0.075000
4 0.385156 0.823958 0.057813 0.072917
2 0.543750 0.829167 0.062500 0.079167
2 0.621875 0.835417 0.062500 0.075000
2 0.463281 0.822917 0.067187 0.091667
0 0.510156 0.579167 0.354687 0.716667
