2 0.576562 0.443750 0.071875 0.083333
2 0.485938 0.441667 0.071875 0.095833
2 0.389062 0.437500 0.075000 0.104167
2 0.571094 0.577083 0.067187 0.091667
2 0.481250 0.575000 0.071875 0.095833
2 0.388281 0.565625 0.073438 0.093750
2 0.572656 0.701042 0.070312 0.089583
2 0.480469 0.700000 0.070312 0.091667
2 0.386719 0.697917 0.070312 0.091667
2 0.478125 0.822917 0.071875 0.091667
2 0.566406 0.828125 0.073438 0.089583
2 0.386719 0.818750 0.073438 0.091667
0 0.479687 0.640625 0.328125 0.597917
