4 0.418750 0.209375 0.146875 0.081250
4 0.610156 0.214583 0.145313 0.079167
4 0.421875 0.336458 0.146875 0.077083
4 0.606250 0.339583 0.150000 0.079167
4 0.417187 0.464583 0.146875 0.083333
4 0.604688 0.467708 0.143750 0.085417
4 0.424219 0.585417 0.148438 0.075000
4 0.600000 0.588542 0.146875 0.077083
4 0.424219 0.702083 0.148438 0.075000
4 0.600781 0.707292 0.148438 0.081250
4 0.425000 0.822917 0.143750 0.083333
4 0.599219 0.822917 0.142187 0.079167
0 0.525781 0.544792 0.395313 0.810417
