4 0.539844 0.398958 0.064062 0.089583
4 0.453125 0.388542 0.065625 0.093750
4 0.361719 0.379167 0.067187 0.091667
4 0.357812 0.676042 0.062500 0.081250
4 0.360156 0.530208 0.064062 0.081250
4 0.534375 0.543750 0.056250 0.075000
2 0.444531 0.820833 0.064062 0.083333
2 0.450000 0.540625 0.062500 0.089583
2 0.446875 0.682292 0.065625 0.089583
2 0.525781 0.825000 0.064062 0.083333
2 0.532031 0.686458 0.064062 0.085417
2 0.357812 0.819792 0.065625 0.085417
0 0.447656 0.620833 0.295312 0.645833
