4 0.482031 0.443750 0.057813 0.075000
4 0.396875 0.436458 0.062500 0.077083
4 0.479687 0.546875 0.056250 0.072917
4 0.393750 0.542708 0.059375 0.072917
4 0.474219 0.648958 0.054688 0.072917
4 0.391406 0.642708 0.054688 0.072917
4 0.471094 0.751042 0.051562 0.068750
4 0.385937 0.744792 0.050000 0.072917
4 0.466406 0.848958 0.048438 0.068750
2 0.485938 0.336458 0.062500 0.085417
2 0.398438 0.323958 0.062500 0.085417
2 0.385937 0.840625 0.065625 0.077083
0 0.439063 0.580208 0.221875 0.743750
