2 0.399219 0.341667 0.132812 0.095833
2 0.395313 0.455208 0.134375 0.097917
2 0.547656 0.361458 0.129688 0.085417
2 0.545312 0.464583 0.128125 0.083333
2 0.394531 0.551042 0.135937 0.081250
2 0.540625 0.561458 0.128125 0.085417
2 0.392969 0.650000 0.132812 0.079167
2 0.382031 0.842708 0.135937 0.081250
2 0.384375 0.745833 0.128125 0.083333
2 0.541406 0.660417 0.129688 0.079167
2 0.530469 0.755208 0.120313 0.081250
2 0.529687 0.848958 0.112500 0.093750
0 0.457031 0.605208 0.332813 0.664583
