4 0.654687 0.621875 0.031250 0.139583
4 0.723437 0.625000 0.031250 0.137500
4 0.363281 0.791667 0.035937 0.145833
4 0.432812 0.802083 0.034375 0.141667
4 0.502344 0.807292 0.035937 0.143750
4 0.575781 0.813542 0.035937 0.147917
4 0.645312 0.817708 0.034375 0.143750
4 0.711719 0.823958 0.032813 0.147917
2 0.373437 0.594792 0.046875 0.156250
2 0.443750 0.600000 0.043750 0.154167
2 0.514062 0.607292 0.050000 0.152083
2 0.580469 0.613542 0.051562 0.152083
0 0.536719 0.705208 0.473438 0.443750
