4 0.365625 0.461458 0.118750 0.068750
4 0.357031 0.364583 0.126562 0.083333
4 0.532031 0.526042 0.114062 0.068750
4 0.541406 0.627083 0.110937 0.062500
4 0.553125 0.718750 0.106250 0.058333
4 0.563281 0.812500 0.110937 0.062500
2 0.521094 0.433333 0.117188 0.083333
2 0.510156 0.336458 0.120313 0.089583
2 0.394531 0.652083 0.120313 0.075000
2 0.382031 0.560417 0.120313 0.079167
2 0.405469 0.745833 0.114062 0.070833
2 0.416406 0.839583 0.114062 0.083333
0 0.459375 0.596875 0.368750 0.677083
