4 0.566406 0.301042 0.104688 0.081250
4 0.417969 0.278125 0.114062 0.085417
4 0.557031 0.412500 0.110937 0.070833
4 0.413281 0.391667 0.114062 0.075000
4 0.554688 0.521875 0.106250 0.072917
4 0.407813 0.504167 0.112500 0.075000
4 0.549219 0.628125 0.104688 0.072917
4 0.404687 0.613542 0.112500 0.077083
4 0.544531 0.736458 0.104688 0.077083
4 0.398438 0.727083 0.106250 0.075000
2 0.398438 0.839583 0.112500 0.083333
2 0.540625 0.847917 0.103125 0.091667
0 0.473438 0.582292 0.350000 0.764583
