2 0.506250 0.772917 0.056250 0.087500
4 0.633594 0.297917 0.051562 0.083333
4 0.573438 0.248958 0.056250 0.089583
4 0.694531 0.344792 0.051562 0.072917
4 0.596094 0.385417 0.051562 0.079167
4 0.535156 0.337500 0.051562 0.075000
4 0.558594 0.472917 0.051562 0.070833
4 0.499219 0.422917 0.051562 0.075000
4 0.460938 0.511458 0.050000 0.068750
4 0.485938 0.644792 0.050000 0.064583
4 0.424219 0.595833 0.051562 0.066667
4 0.385937 0.680208 0.050000 0.068750
4 0.450781 0.730208 0.048438 0.064583
4 0.347656 0.765625 0.051562 0.068750
4 0.413281 0.811458 0.051562 0.064583
4 0.474219 0.857292 0.048438 0.064583
4 0.656250 0.433333 0.050000 0.070833
4 0.618750 0.521875 0.050000 0.068750
4 0.581250 0.605208 0.050000 0.068750
4 0.522656 0.556250 0.051562 0.070833
4 0.545312 0.690625 0.050000 0.068750
0 0.517188 0.552083 0.462500 0.770833
