4 0.428125 0.220833 0.056250 0.083333
4 0.469531 0.327083 0.054688 0.079167
4 0.543750 0.527083 0.059375 0.075000
4 0.507812 0.428125 0.059375 0.081250
4 0.580469 0.628125 0.057813 0.072917
4 0.614844 0.722917 0.057813 0.075000
4 0.435937 0.478125 0.062500 0.081250
4 0.400781 0.382292 0.064062 0.085417
4 0.471094 0.577083 0.057813 0.075000
4 0.507812 0.672917 0.059375 0.075000
4 0.325781 0.425000 0.064062 0.079167
4 0.250781 0.472917 0.067187 0.079167
4 0.361719 0.523958 0.057813 0.072917
4 0.287500 0.573958 0.059375 0.072917
4 0.322656 0.668750 0.064062 0.075000
4 0.396094 0.621875 0.057813 0.072917
4 0.364063 0.765625 0.062500 0.072917
4 0.432812 0.721875 0.056250 0.072917
4 0.470313 0.813542 0.056250 0.072917
4 0.400781 0.858333 0.057813 0.075000
4 0.542969 0.769792 0.054688 0.068750
2 0.359375 0.283333 0.065625 0.095833
2 0.296094 0.333333 0.067187 0.100000
2 0.228906 0.381250 0.051562 0.083333
0 0.407813 0.507292 0.521875 0.822917
