4 0.444531 0.348958 0.101562 0.118750
4 0.555469 0.356250 0.089063 0.125000
4 0.658594 0.362500 0.085938 0.125000
4 0.440625 0.522917 0.093750 0.125000
4 0.547656 0.529167 0.082812 0.108333
4 0.654687 0.534375 0.081250 0.093750
4 0.447656 0.712500 0.079687 0.108333
4 0.546094 0.709375 0.073438 0.102083
4 0.651563 0.716667 0.081250 0.104167
4 0.447656 0.883333 0.079687 0.104167
4 0.553125 0.888542 0.087500 0.106250
4 0.646875 0.885417 0.071875 0.108333
0 0.549219 0.620833 0.354687 0.733333
