4 0.507031 0.301042 0.095312 0.093750
4 0.537500 0.377083 0.090625 0.087500
4 0.568750 0.454167 0.090625 0.083333
4 0.592187 0.523958 0.087500 0.081250
4 0.619531 0.595833 0.089063 0.087500
4 0.645312 0.667708 0.090625 0.085417
4 0.673438 0.740625 0.090625 0.081250
4 0.701562 0.809375 0.093750 0.085417
4 0.367969 0.387500 0.098437 0.091667
4 0.403125 0.471875 0.096875 0.093750
4 0.434375 0.539583 0.100000 0.095833
4 0.459375 0.616667 0.093750 0.087500
4 0.485938 0.685417 0.090625 0.083333
4 0.513281 0.752083 0.089063 0.091667
4 0.541406 0.821875 0.089063 0.085417
4 0.564063 0.895833 0.090625 0.083333
0 0.525000 0.580208 0.503125 0.797917
