2 0.389844 0.337500 0.098437 0.095833
2 0.515625 0.283333 0.096875 0.095833
2 0.414062 0.448958 0.096875 0.089583
2 0.539844 0.394792 0.095312 0.089583
2 0.440625 0.551042 0.096875 0.085417
2 0.566406 0.502083 0.098437 0.091667
2 0.469531 0.656250 0.095312 0.083333
2 0.585938 0.603125 0.090625 0.085417
2 0.490625 0.754167 0.096875 0.079167
2 0.616406 0.700000 0.095312 0.083333
2 0.638281 0.801042 0.095312 0.081250
2 0.514062 0.853125 0.090625 0.085417
0 0.506250 0.537500 0.418750 0.783333
