4 0.482812 0.494792 0.109375 0.072917
4 0.339844 0.480208 0.117188 0.081250
4 0.479687 0.605208 0.103125 0.072917
4 0.334375 0.591667 0.106250 0.075000
4 0.475781 0.712500 0.104688 0.079167
4 0.334375 0.698958 0.109375 0.081250
2 0.491406 0.384375 0.110937 0.081250
2 0.339844 0.367708 0.117188 0.089583
2 0.494531 0.267708 0.110937 0.097917
2 0.342969 0.246875 0.126562 0.097917
2 0.332031 0.810417 0.114062 0.079167
2 0.478125 0.820833 0.118750 0.083333
0 0.407813 0.556250 0.340625 0.787500
