2 0.598437 0.723958 0.062500 0.068750
4 0.447656 0.250000 0.057813 0.083333
4 0.377344 0.270833 0.057813 0.083333
4 0.534375 0.331250 0.056250 0.079167
4 0.517969 0.228125 0.057813 0.085417
4 0.464844 0.356250 0.051562 0.075000
4 0.396875 0.375000 0.059375 0.079167
4 0.480469 0.454167 0.051562 0.070833
4 0.414844 0.472917 0.054688 0.070833
4 0.564844 0.532292 0.051562 0.068750
4 0.549219 0.433333 0.048438 0.070833
4 0.498437 0.553125 0.050000 0.068750
4 0.431250 0.572917 0.050000 0.066667
4 0.514844 0.648958 0.051562 0.068750
4 0.446875 0.667708 0.050000 0.064583
4 0.581250 0.630208 0.050000 0.068750
4 0.531250 0.746875 0.050000 0.064583
4 0.463281 0.763542 0.051562 0.068750
4 0.546875 0.836458 0.050000 0.068750
4 0.478906 0.857292 0.051562 0.068750
4 0.614844 0.816667 0.048438 0.066667
0 0.491406 0.543750 0.339062 0.791667
