4 0.671094 0.363542 0.048438 0.068750
4 0.597656 0.356250 0.051562 0.070833
4 0.525781 0.346875 0.051562 0.072917
4 0.450000 0.334375 0.056250 0.072917
4 0.664844 0.458333 0.048438 0.062500
4 0.592969 0.453125 0.051562 0.068750
4 0.521094 0.443750 0.054688 0.070833
4 0.449219 0.436458 0.054688 0.068750
4 0.659375 0.557292 0.050000 0.060417
4 0.443750 0.537500 0.050000 0.062500
4 0.589063 0.550000 0.050000 0.062500
4 0.517969 0.542708 0.051562 0.064583
4 0.655469 0.652083 0.048438 0.058333
4 0.440625 0.635417 0.050000 0.062500
4 0.585938 0.645833 0.050000 0.062500
4 0.514844 0.638542 0.051562 0.064583
2 0.649219 0.741667 0.048438 0.062500
2 0.580469 0.740625 0.048438 0.068750
2 0.512500 0.736458 0.056250 0.064583
2 0.439844 0.729167 0.054688 0.062500
2 0.646875 0.836458 0.050000 0.068750
2 0.577344 0.833333 0.051562 0.070833
2 0.508594 0.828125 0.051562 0.068750
2 0.435156 0.823958 0.054688 0.072917
0 0.552344 0.607292 0.335938 0.697917
