4 0.603125 0.448958 0.050000 0.072917
4 0.529687 0.441667 0.050000 0.070833
4 0.455469 0.437500 0.054688 0.070833
4 0.377344 0.423958 0.054688 0.072917
4 0.599219 0.555208 0.048438 0.064583
4 0.525781 0.551042 0.048438 0.068750
4 0.453125 0.544792 0.050000 0.072917
4 0.375781 0.537500 0.051562 0.070833
4 0.594531 0.663542 0.048438 0.064583
4 0.522656 0.657292 0.048438 0.064583
4 0.451562 0.651042 0.050000 0.068750
4 0.375000 0.647917 0.050000 0.066667
4 0.588281 0.766667 0.048438 0.062500
4 0.521094 0.760417 0.048438 0.062500
4 0.447656 0.756250 0.048438 0.062500
4 0.373437 0.752083 0.050000 0.066667
4 0.515625 0.856250 0.046875 0.062500
2 0.445312 0.853125 0.059375 0.068750
2 0.372656 0.853125 0.057813 0.081250
2 0.587500 0.860417 0.050000 0.079167
0 0.487500 0.610417 0.331250 0.616667
