4 0.342969 0.831250 0.048438 0.062500
4 0.345313 0.721875 0.050000 0.064583
4 0.350781 0.613542 0.051562 0.068750
4 0.355469 0.394792 0.054688 0.068750
4 0.353906 0.503125 0.054688 0.068750
4 0.432812 0.407292 0.050000 0.064583
4 0.507031 0.417708 0.051562 0.068750
4 0.578906 0.419792 0.051562 0.068750
4 0.573438 0.528125 0.050000 0.064583
4 0.430469 0.514583 0.051562 0.066667
4 0.503125 0.523958 0.050000 0.068750
4 0.569531 0.634375 0.048438 0.064583
4 0.500781 0.627083 0.048438 0.062500
4 0.427344 0.621875 0.048438 0.064583
4 0.497656 0.730208 0.048438 0.064583
4 0.423438 0.726042 0.050000 0.064583
4 0.420312 0.832292 0.046875 0.064583
2 0.492969 0.829167 0.048438 0.075000
2 0.564844 0.837500 0.054688 0.079167
2 0.567969 0.735417 0.048438 0.075000
0 0.462500 0.636458 0.346875 0.627083
