4 0.542969 0.352083 0.085938 0.041667
4 0.539844 0.430208 0.095312 0.047917
4 0.535156 0.515625 0.089063 0.056250
4 0.533594 0.597917 0.085938 0.050000
4 0.388281 0.663542 0.085938 0.043750
4 0.532031 0.678125 0.085938 0.043750
4 0.378125 0.745833 0.087500 0.045833
4 0.376563 0.822917 0.087500 0.037500
4 0.375781 0.903125 0.089063 0.035417
4 0.526563 0.755208 0.084375 0.043750
4 0.527344 0.835417 0.082812 0.041667
2 0.396875 0.342708 0.103125 0.068750
2 0.391406 0.427083 0.098437 0.070833
2 0.392969 0.501042 0.104688 0.064583
2 0.389844 0.583333 0.095312 0.062500
4 0.521094 0.909375 0.085938 0.047917
0 0.460156 0.598958 0.342187 0.731250
