4 0.380469 0.732292 0.070312 0.085417
4 0.377344 0.855208 0.070312 0.085417
4 0.386719 0.614583 0.070312 0.087500
2 0.482812 0.616667 0.071875 0.091667
2 0.475000 0.736458 0.075000 0.147917
2 0.475000 0.858333 0.065625 0.091667
2 0.668750 0.636458 0.078125 0.110417
4 0.565625 0.869792 0.059375 0.081250
4 0.570312 0.747917 0.062500 0.083333
4 0.576562 0.625000 0.062500 0.091667
4 0.666406 0.758333 0.057813 0.079167
4 0.660937 0.877083 0.059375 0.083333
0 0.534375 0.741667 0.434375 0.429167
