2 0.250781 0.652083 0.064062 0.145833
2 0.250781 0.833333 0.070312 0.133333
2 0.337500 0.658333 0.062500 0.137500
2 0.331250 0.836458 0.065625 0.131250
2 0.412500 0.839583 0.059375 0.133333
2 0.421094 0.664583 0.064062 0.137500
2 0.493750 0.843750 0.056250 0.133333
2 0.502344 0.670833 0.057813 0.137500
2 0.582031 0.673958 0.051562 0.135417
2 0.574219 0.848958 0.051562 0.135417
2 0.651563 0.855208 0.059375 0.131250
2 0.660156 0.681250 0.057813 0.129167
0 0.437500 0.743750 0.550000 0.404167
