4 0.467187 0.411458 0.046875 0.064583
4 0.542188 0.419792 0.050000 0.064583
4 0.617188 0.430208 0.046875 0.064583
4 0.693750 0.434375 0.046875 0.068750
4 0.464062 0.515625 0.050000 0.064583
4 0.539844 0.521875 0.045312 0.060417
4 0.614062 0.526042 0.050000 0.064583
4 0.688281 0.531250 0.048438 0.062500
4 0.460938 0.619792 0.053125 0.068750
4 0.534375 0.623958 0.046875 0.060417
4 0.610156 0.627083 0.042188 0.070833
4 0.683594 0.633333 0.045312 0.058333
4 0.457813 0.721875 0.050000 0.064583
4 0.533594 0.725000 0.048438 0.062500
4 0.605469 0.732292 0.048438 0.068750
4 0.679688 0.736458 0.050000 0.068750
4 0.453906 0.820833 0.051562 0.070833
4 0.531250 0.827083 0.050000 0.066667
4 0.603125 0.825000 0.056250 0.066667
4 0.673438 0.836458 0.050000 0.068750
4 0.453125 0.925000 0.053125 0.070833
4 0.528125 0.922917 0.056250 0.070833
4 0.599219 0.927083 0.051562 0.066667
4 0.671094 0.933333 0.051562 0.070833
0 0.574219 0.648958 0.345313 0.702083
