2 0.419531 0.408333 0.054688 0.083333
4 0.638281 0.421875 0.048438 0.068750
4 0.492969 0.415625 0.048438 0.064583
4 0.565625 0.419792 0.050000 0.068750
4 0.561719 0.523958 0.048438 0.068750
4 0.489844 0.519792 0.048438 0.064583
4 0.633594 0.530208 0.048438 0.068750
4 0.417969 0.510417 0.054688 0.066667
4 0.627344 0.634375 0.048438 0.064583
4 0.556250 0.628125 0.046875 0.064583
4 0.485938 0.621875 0.050000 0.064583
4 0.413281 0.615625 0.048438 0.064583
4 0.553125 0.731250 0.046875 0.062500
4 0.624219 0.736458 0.048438 0.064583
4 0.482812 0.726042 0.050000 0.064583
4 0.409375 0.719792 0.050000 0.064583
4 0.618750 0.839583 0.046875 0.058333
4 0.549219 0.833333 0.048438 0.062500
4 0.478906 0.829167 0.048438 0.062500
4 0.407031 0.823958 0.048438 0.060417
0 0.525000 0.641667 0.328125 0.600000
