4 0.460938 0.329167 0.121875 0.058333
4 0.610156 0.336458 0.114062 0.064583
4 0.461719 0.436458 0.117188 0.064583
4 0.607812 0.436458 0.118750 0.064583
4 0.459375 0.530208 0.115625 0.052083
4 0.607812 0.536458 0.118750 0.060417
4 0.458594 0.629167 0.114062 0.054167
4 0.603906 0.631250 0.117188 0.054167
4 0.459375 0.728125 0.118750 0.056250
4 0.605469 0.730208 0.120313 0.056250
4 0.458594 0.828125 0.114062 0.052083
2 0.598437 0.829167 0.103125 0.079167
0 0.532031 0.565625 0.314063 0.647917
