4 0.349219 0.454167 0.064062 0.083333
4 0.602344 0.521875 0.054688 0.072917
4 0.522656 0.537500 0.057813 0.075000
4 0.443750 0.546875 0.059375 0.077083
4 0.360938 0.558333 0.062500 0.079167
4 0.611719 0.621875 0.057813 0.072917
4 0.534375 0.638542 0.059375 0.077083
4 0.456250 0.651042 0.059375 0.081250
4 0.375000 0.664583 0.065625 0.079167
4 0.621875 0.725000 0.056250 0.070833
4 0.545312 0.740625 0.059375 0.072917
4 0.388281 0.768750 0.064062 0.075000
4 0.468750 0.756250 0.062500 0.079167
4 0.479687 0.858333 0.059375 0.079167
4 0.398438 0.877083 0.059375 0.070833
2 0.500781 0.320833 0.064062 0.083333
2 0.417187 0.332292 0.065625 0.089583
2 0.333594 0.346875 0.070312 0.089583
2 0.579688 0.303125 0.065625 0.081250
2 0.511719 0.430208 0.067187 0.077083
2 0.431250 0.445833 0.065625 0.079167
2 0.587500 0.417708 0.065625 0.085417
2 0.631250 0.830208 0.059375 0.085417
2 0.559375 0.841667 0.062500 0.095833
0 0.480469 0.561458 0.407813 0.756250
