2 0.608594 0.864583 0.051562 0.083333
2 0.535156 0.859375 0.057813 0.089583
2 0.457813 0.859375 0.059375 0.089583
2 0.292969 0.851042 0.073438 0.085417
2 0.375000 0.851042 0.065625 0.093750
4 0.475000 0.336458 0.056250 0.085417
4 0.398438 0.326042 0.062500 0.089583
4 0.314844 0.310417 0.070312 0.095833
4 0.552344 0.346875 0.054688 0.085417
4 0.628906 0.353125 0.054688 0.085417
4 0.624219 0.456250 0.057813 0.083333
4 0.549219 0.448958 0.057813 0.085417
4 0.471875 0.444792 0.059375 0.085417
4 0.393750 0.432292 0.065625 0.089583
4 0.311719 0.418750 0.067187 0.091667
4 0.621094 0.560417 0.054688 0.079167
4 0.544531 0.553125 0.057813 0.081250
4 0.468750 0.548958 0.062500 0.081250
4 0.390625 0.540625 0.059375 0.081250
4 0.308594 0.529167 0.070312 0.083333
4 0.617969 0.662500 0.054688 0.070833
4 0.541406 0.658333 0.057813 0.075000
4 0.464844 0.652083 0.057813 0.075000
4 0.388281 0.645833 0.064062 0.079167
4 0.303906 0.637500 0.067187 0.083333
4 0.613281 0.765625 0.054688 0.072917
4 0.536719 0.761458 0.057813 0.072917
4 0.461719 0.754167 0.064062 0.075000
4 0.383594 0.747917 0.064062 0.075000
4 0.302344 0.746875 0.070312 0.077083
0 0.460156 0.592708 0.448437 0.739583
