4 0.542969 0.367708 0.110937 0.089583
4 0.400000 0.428125 0.112500 0.089583
4 0.421875 0.518750 0.112500 0.087500
4 0.444531 0.605208 0.114062 0.089583
4 0.587500 0.548958 0.112500 0.085417
4 0.467187 0.700000 0.112500 0.087500
4 0.610156 0.639583 0.114062 0.091667
4 0.490625 0.788542 0.112500 0.093750
4 0.630469 0.729167 0.114062 0.091667
4 0.650781 0.820833 0.110937 0.083333
4 0.510938 0.878125 0.109375 0.089583
2 0.565625 0.460417 0.112500 0.091667
0 0.528125 0.606250 0.406250 0.695833
