4 0.589063 0.372917 0.056250 0.079167
4 0.550781 0.454167 0.054688 0.075000
4 0.619531 0.513542 0.054688 0.077083
4 0.511719 0.536458 0.054688 0.072917
4 0.580469 0.595833 0.054688 0.070833
4 0.472656 0.617708 0.051562 0.072917
4 0.541406 0.677083 0.054688 0.070833
4 0.433594 0.698958 0.051562 0.072917
4 0.502344 0.755208 0.051562 0.072917
2 0.659375 0.432292 0.056250 0.068750
2 0.396094 0.772917 0.057813 0.062500
2 0.464062 0.833333 0.056250 0.070833
0 0.529687 0.610417 0.412500 0.687500
