4 0.428125 0.273958 0.143750 0.081250
4 0.630469 0.277083 0.132812 0.079167
4 0.425000 0.392708 0.131250 0.072917
4 0.631250 0.395833 0.128125 0.079167
4 0.428125 0.513542 0.125000 0.068750
4 0.628906 0.520833 0.126562 0.066667
4 0.429688 0.637500 0.121875 0.066667
4 0.628125 0.639583 0.125000 0.066667
4 0.427344 0.746875 0.120313 0.072917
4 0.631250 0.753125 0.125000 0.072917
4 0.426563 0.860417 0.121875 0.066667
4 0.628125 0.867708 0.118750 0.064583
0 0.534375 0.554167 0.412500 0.820833
