4 0.628125 0.322917 0.112500 0.050000
4 0.478906 0.423958 0.114062 0.052083
4 0.482812 0.523958 0.112500 0.060417
4 0.626563 0.625000 0.115625 0.054167
4 0.484375 0.721875 0.118750 0.047917
4 0.633594 0.820833 0.114062 0.045833
2 0.482812 0.323958 0.125000 0.093750
2 0.627344 0.427083 0.120313 0.079167
2 0.628125 0.526042 0.121875 0.072917
2 0.481250 0.622917 0.121875 0.075000
2 0.625781 0.721875 0.117188 0.068750
2 0.482812 0.818750 0.118750 0.075000
0 0.560156 0.597917 0.317188 0.658333
