2 0.492969 0.272917 0.054688 0.075000
4 0.547656 0.354167 0.051562 0.070833
4 0.656250 0.505208 0.050000 0.072917
4 0.602344 0.430208 0.051562 0.072917
4 0.486719 0.435417 0.051562 0.075000
4 0.430469 0.357292 0.054688 0.072917
4 0.367969 0.441667 0.054688 0.070833
4 0.479687 0.594792 0.050000 0.064583
4 0.425781 0.520833 0.051562 0.070833
4 0.542188 0.514583 0.050000 0.066667
4 0.594531 0.587500 0.051562 0.070833
4 0.305469 0.526042 0.054688 0.072917
4 0.421094 0.672917 0.051562 0.070833
4 0.364844 0.603125 0.048438 0.068750
4 0.244531 0.607292 0.051562 0.072917
4 0.361719 0.752083 0.048438 0.066667
4 0.305469 0.681250 0.051562 0.070833
4 0.416406 0.819792 0.051562 0.072917
4 0.475000 0.744792 0.050000 0.072917
4 0.533594 0.667708 0.048438 0.068750
0 0.439063 0.552083 0.556250 0.750000
