4 0.661719 0.607292 0.048438 0.072917
4 0.583594 0.600000 0.048438 0.075000
4 0.503125 0.595833 0.050000 0.075000
4 0.344531 0.586458 0.051562 0.072917
4 0.424219 0.589583 0.051562 0.075000
4 0.655469 0.704167 0.048438 0.062500
4 0.502344 0.694792 0.048438 0.064583
4 0.578906 0.698958 0.048438 0.064583
4 0.346875 0.686458 0.050000 0.064583
4 0.425000 0.688542 0.050000 0.064583
4 0.650781 0.797917 0.048438 0.062500
4 0.500000 0.788542 0.046875 0.064583
4 0.575781 0.790625 0.048438 0.064583
4 0.496875 0.878125 0.046875 0.064583
4 0.648438 0.888542 0.046875 0.064583
4 0.571875 0.883333 0.046875 0.066667
4 0.423438 0.783333 0.046875 0.062500
2 0.349219 0.870833 0.054688 0.075000
2 0.350781 0.773958 0.057813 0.068750
2 0.423438 0.872917 0.056250 0.066667
0 0.483594 0.738542 0.454688 0.443750
