4 0.453906 0.342708 0.054688 0.085417
4 0.525781 0.341667 0.054688 0.087500
4 0.597656 0.351042 0.057813 0.093750
4 0.665625 0.350000 0.065625 0.095833
4 0.446875 0.466667 0.056250 0.095833
4 0.517188 0.470833 0.062500 0.087500
4 0.589844 0.478125 0.067187 0.085417
4 0.664844 0.478125 0.054688 0.089583
4 0.442188 0.588542 0.056250 0.089583
4 0.513281 0.595833 0.057813 0.095833
4 0.585156 0.602083 0.057813 0.083333
4 0.657031 0.608333 0.051562 0.075000
4 0.435937 0.711458 0.056250 0.085417
4 0.508594 0.717708 0.064062 0.089583
4 0.576562 0.723958 0.059375 0.093750
4 0.646875 0.730208 0.056250 0.085417
4 0.643750 0.854167 0.059375 0.083333
4 0.504687 0.841667 0.046875 0.079167
4 0.432812 0.839583 0.056250 0.079167
2 0.569531 0.845833 0.057813 0.087500
0 0.548438 0.617708 0.337500 0.702083
