2 0.378906 0.382292 0.048438 0.177083
2 0.450000 0.388542 0.043750 0.164583
2 0.521875 0.393750 0.046875 0.166667
2 0.589063 0.404167 0.050000 0.170833
2 0.371094 0.583333 0.054688 0.154167
2 0.441406 0.591667 0.048438 0.158333
2 0.510938 0.596875 0.043750 0.156250
2 0.581250 0.600000 0.050000 0.145833
2 0.362500 0.771875 0.056250 0.139583
2 0.433594 0.782292 0.054688 0.156250
2 0.497656 0.790625 0.054688 0.168750
2 0.566406 0.798958 0.057813 0.177083
0 0.480469 0.584375 0.332813 0.718750
