2 0.592969 0.435417 0.073438 0.100000
2 0.498437 0.417708 0.075000 0.102083
2 0.398438 0.413542 0.078125 0.102083
2 0.399219 0.547917 0.070312 0.100000
2 0.489844 0.554167 0.073438 0.104167
2 0.590625 0.565625 0.075000 0.097917
2 0.582812 0.690625 0.071875 0.085417
2 0.489063 0.682292 0.071875 0.089583
2 0.397656 0.675000 0.073438 0.104167
2 0.486719 0.807292 0.070312 0.093750
2 0.389844 0.803125 0.079687 0.093750
2 0.581250 0.812500 0.071875 0.091667
0 0.492969 0.628125 0.332813 0.602083
