4 0.535156 0.469792 0.057813 0.077083
4 0.621875 0.473958 0.056250 0.072917
4 0.708594 0.472917 0.054688 0.066667
4 0.534375 0.619792 0.056250 0.077083
4 0.619531 0.618750 0.054688 0.075000
4 0.704688 0.618750 0.056250 0.075000
4 0.539062 0.765625 0.059375 0.072917
4 0.624219 0.764583 0.051562 0.070833
4 0.707031 0.765625 0.057813 0.077083
4 0.546094 0.910417 0.060937 0.070833
4 0.625781 0.906250 0.057813 0.075000
4 0.706250 0.909375 0.059375 0.077083
0 0.616406 0.666667 0.276562 0.608333
