4 0.589844 0.398958 0.054688 0.072917
4 0.512500 0.391667 0.056250 0.075000
4 0.349219 0.372917 0.057813 0.075000
4 0.433594 0.382292 0.057813 0.081250
4 0.508594 0.512500 0.051562 0.070833
4 0.586719 0.516667 0.054688 0.070833
4 0.430469 0.503125 0.054688 0.072917
4 0.348438 0.494792 0.056250 0.072917
4 0.579688 0.635417 0.050000 0.070833
4 0.503125 0.628125 0.050000 0.068750
4 0.425781 0.619792 0.051562 0.072917
4 0.346094 0.616667 0.051562 0.075000
4 0.500000 0.742708 0.050000 0.072917
4 0.573438 0.746875 0.050000 0.072917
4 0.424219 0.736458 0.051562 0.072917
4 0.346094 0.732292 0.054688 0.072917
4 0.421094 0.845833 0.051562 0.070833
4 0.344531 0.845833 0.054688 0.070833
2 0.495312 0.852083 0.056250 0.079167
2 0.569531 0.859375 0.051562 0.089583
0 0.470313 0.590625 0.362500 0.668750
