4 0.364063 0.472917 0.075000 0.100000
4 0.556250 0.616667 0.071875 0.095833
4 0.550781 0.743750 0.073438 0.095833
4 0.458594 0.737500 0.073438 0.095833
4 0.365625 0.733333 0.078125 0.095833
4 0.359375 0.858333 0.078125 0.095833
4 0.548438 0.867708 0.071875 0.093750
2 0.463281 0.481250 0.073438 0.116667
2 0.557813 0.484375 0.081250 0.114583
2 0.367969 0.605208 0.079687 0.110417
2 0.458594 0.611458 0.095312 0.106250
2 0.458594 0.855208 0.073438 0.110417
0 0.458594 0.645833 0.332813 0.600000
