4 0.523438 0.290625 0.062500 0.077083
4 0.596875 0.295833 0.059375 0.075000
4 0.671875 0.296875 0.062500 0.072917
4 0.669531 0.404167 0.064062 0.079167
4 0.599219 0.402083 0.054688 0.079167
4 0.525000 0.402083 0.056250 0.079167
4 0.525781 0.507292 0.054688 0.077083
4 0.599219 0.505208 0.054688 0.077083
4 0.671094 0.506250 0.054688 0.070833
4 0.673438 0.606250 0.050000 0.070833
4 0.598437 0.606250 0.056250 0.070833
4 0.529687 0.606250 0.059375 0.079167
4 0.525781 0.710417 0.051562 0.070833
4 0.597656 0.709375 0.057813 0.068750
4 0.668750 0.708333 0.050000 0.066667
4 0.669531 0.808333 0.057813 0.066667
4 0.600781 0.810417 0.051562 0.070833
4 0.528125 0.810417 0.056250 0.075000
4 0.526563 0.910417 0.062500 0.075000
4 0.600781 0.911458 0.054688 0.068750
4 0.671875 0.912500 0.059375 0.070833
0 0.600000 0.596875 0.246875 0.777083
