2 0.382812 0.343750 0.059375 0.083333
2 0.311719 0.367708 0.067187 0.085417
2 0.607812 0.657292 0.056250 0.085417
2 0.582031 0.535417 0.057813 0.087500
2 0.566406 0.804167 0.057813 0.087500
2 0.637500 0.777083 0.062500 0.083333
4 0.519531 0.279167 0.054688 0.083333
4 0.450781 0.312500 0.054688 0.079167
4 0.548438 0.409375 0.050000 0.072917
4 0.482031 0.439583 0.054688 0.075000
4 0.411719 0.470833 0.054688 0.075000
4 0.341406 0.491667 0.057813 0.075000
4 0.441406 0.588542 0.051562 0.068750
4 0.371875 0.617708 0.056250 0.072917
4 0.510938 0.563542 0.050000 0.072917
4 0.540625 0.682292 0.050000 0.072917
4 0.470313 0.711458 0.050000 0.072917
4 0.402344 0.740625 0.054688 0.068750
4 0.500781 0.830208 0.051562 0.077083
4 0.432031 0.861458 0.054688 0.077083
0 0.471094 0.552083 0.445312 0.795833
