2 0.559375 0.286458 0.103125 0.089583
2 0.421875 0.265625 0.109375 0.093750
2 0.555469 0.405208 0.098437 0.085417
2 0.419531 0.384375 0.104688 0.085417
2 0.553125 0.510417 0.096875 0.079167
2 0.417187 0.495833 0.103125 0.079167
2 0.547656 0.615625 0.101562 0.085417
2 0.413281 0.609375 0.104688 0.081250
2 0.405469 0.816667 0.104688 0.087500
4 0.407031 0.713542 0.098437 0.077083
4 0.541406 0.721875 0.098437 0.077083
4 0.537500 0.828125 0.096875 0.077083
0 0.481250 0.564583 0.312500 0.766667
