2 0.343750 0.227083 0.081250 0.104167
4 0.452344 0.251042 0.070312 0.097917
4 0.552344 0.264583 0.067187 0.087500
4 0.342969 0.360417 0.073438 0.095833
4 0.546094 0.387500 0.070312 0.091667
4 0.341406 0.479167 0.064062 0.091667
4 0.543750 0.504167 0.056250 0.083333
4 0.342187 0.598958 0.065625 0.093750
4 0.540625 0.618750 0.065625 0.091667
4 0.335938 0.720833 0.065625 0.091667
4 0.534375 0.731250 0.059375 0.079167
4 0.333594 0.831250 0.070312 0.087500
4 0.435937 0.828125 0.065625 0.085417
4 0.532813 0.844792 0.062500 0.077083
0 0.439063 0.537500 0.328125 0.808333
