4 0.504687 0.350000 0.050000 0.062500
4 0.587500 0.447917 0.040625 0.066667
4 0.671094 0.541667 0.042188 0.062500
4 0.449219 0.444792 0.045312 0.068750
4 0.532813 0.543750 0.050000 0.066667
4 0.614062 0.630208 0.050000 0.068750
4 0.392188 0.537500 0.046875 0.070833
4 0.478906 0.631250 0.042188 0.058333
4 0.560937 0.719792 0.046875 0.064583
4 0.334375 0.630208 0.046875 0.056250
4 0.421094 0.720833 0.048438 0.066667
4 0.505469 0.811458 0.045312 0.064583
4 0.280469 0.729167 0.054688 0.066667
4 0.369531 0.810417 0.048438 0.066667
4 0.452344 0.892708 0.048438 0.064583
0 0.482812 0.606250 0.512500 0.720833
