2 0.603906 0.776042 0.057813 0.081250
4 0.546094 0.246875 0.051562 0.085417
4 0.685156 0.287500 0.054688 0.079167
4 0.617969 0.266667 0.054688 0.083333
4 0.531250 0.346875 0.050000 0.072917
4 0.599219 0.368750 0.054688 0.075000
4 0.667969 0.389583 0.054688 0.075000
4 0.650781 0.486458 0.051562 0.072917
4 0.516406 0.443750 0.054688 0.075000
4 0.583594 0.464583 0.054688 0.075000
4 0.634375 0.584375 0.050000 0.064583
4 0.500000 0.543750 0.050000 0.066667
4 0.566406 0.562500 0.051562 0.070833
4 0.619531 0.680208 0.048438 0.064583
4 0.483594 0.638542 0.051562 0.064583
4 0.553125 0.659375 0.050000 0.068750
4 0.538281 0.754167 0.048438 0.066667
4 0.468750 0.736458 0.050000 0.064583
4 0.521875 0.848958 0.050000 0.068750
4 0.452344 0.832292 0.051562 0.068750
4 0.591406 0.867708 0.048438 0.064583
0 0.564844 0.558333 0.332813 0.779167
