2 0.491406 0.262500 0.098437 0.104167
2 0.468750 0.337500 0.096875 0.095833
2 0.444531 0.414583 0.098437 0.087500
2 0.425781 0.487500 0.098437 0.087500
2 0.339062 0.789583 0.103125 0.087500
2 0.363281 0.713542 0.104688 0.089583
2 0.482812 0.851042 0.090625 0.085417
4 0.408594 0.565625 0.089063 0.068750
4 0.380469 0.638542 0.089063 0.064583
4 0.628906 0.334375 0.082812 0.064583
4 0.610156 0.410417 0.085938 0.066667
4 0.586719 0.488542 0.085938 0.068750
4 0.564844 0.565625 0.082812 0.064583
4 0.542969 0.642708 0.082812 0.064583
4 0.523438 0.715625 0.081250 0.064583
4 0.502344 0.789583 0.082812 0.058333
0 0.487500 0.533333 0.475000 0.791667
