4 0.457031 0.202083 0.057813 0.095833
4 0.416406 0.342708 0.057813 0.085417
4 0.382812 0.248958 0.059375 0.089583
4 0.310156 0.290625 0.064062 0.089583
4 0.234375 0.334375 0.065625 0.089583
4 0.266406 0.430208 0.064062 0.085417
4 0.342969 0.388542 0.064062 0.085417
4 0.489063 0.303125 0.056250 0.089583
4 0.522656 0.403125 0.057813 0.081250
4 0.447656 0.445833 0.054688 0.079167
4 0.378125 0.489583 0.059375 0.079167
4 0.303125 0.531250 0.065625 0.083333
4 0.336719 0.630208 0.064062 0.072917
4 0.587500 0.597917 0.062500 0.075000
4 0.554688 0.502083 0.059375 0.075000
4 0.482812 0.545833 0.062500 0.079167
4 0.514062 0.640625 0.056250 0.072917
4 0.410938 0.588542 0.059375 0.072917
4 0.441406 0.683333 0.054688 0.070833
4 0.369531 0.723958 0.064062 0.072917
4 0.400781 0.817708 0.054688 0.068750
2 0.620313 0.693750 0.059375 0.079167
2 0.545312 0.735417 0.056250 0.075000
2 0.479687 0.775000 0.059375 0.095833
0 0.438281 0.531250 0.504687 0.804167
