4 0.555469 0.293750 0.048438 0.075000
4 0.456250 0.289583 0.056250 0.075000
4 0.351562 0.277083 0.059375 0.079167
4 0.346875 0.519792 0.056250 0.068750
4 0.347656 0.397917 0.054688 0.075000
4 0.344531 0.638542 0.054688 0.068750
4 0.342187 0.757292 0.050000 0.064583
4 0.550000 0.412500 0.050000 0.070833
4 0.546094 0.533333 0.048438 0.062500
4 0.539844 0.653125 0.048438 0.064583
4 0.534375 0.769792 0.043750 0.064583
2 0.440625 0.869792 0.056250 0.081250
2 0.342187 0.866667 0.065625 0.075000
2 0.535937 0.883333 0.059375 0.083333
0 0.451562 0.565625 0.331250 0.814583
