4 0.317969 0.659375 0.054688 0.068750
4 0.316406 0.556250 0.054688 0.070833
4 0.314063 0.854167 0.050000 0.062500
4 0.318750 0.758333 0.050000 0.066667
4 0.399219 0.665625 0.048438 0.068750
4 0.399219 0.563542 0.048438 0.068750
4 0.399219 0.763542 0.048438 0.064583
4 0.396875 0.859375 0.050000 0.068750
4 0.478906 0.866667 0.048438 0.066667
4 0.482031 0.768750 0.048438 0.062500
4 0.484375 0.669792 0.050000 0.068750
4 0.485156 0.566667 0.048438 0.070833
4 0.561719 0.871875 0.048438 0.064583
4 0.564063 0.773958 0.050000 0.068750
4 0.568750 0.676042 0.050000 0.068750
4 0.571875 0.569792 0.050000 0.072917
4 0.653125 0.679167 0.046875 0.066667
4 0.642969 0.878125 0.048438 0.068750
4 0.647656 0.780208 0.048438 0.064583
2 0.657031 0.578125 0.067187 0.081250
0 0.474219 0.712500 0.470313 0.470833
