2 0.498437 0.293750 0.087500 0.112500
2 0.611719 0.391667 0.085938 0.095833
2 0.457031 0.386458 0.089063 0.106250
2 0.569531 0.480208 0.082812 0.093750
2 0.412500 0.479167 0.087500 0.104167
2 0.525781 0.573958 0.085938 0.093750
2 0.371094 0.568750 0.089063 0.095833
2 0.481250 0.667708 0.087500 0.093750
2 0.329688 0.651042 0.096875 0.110417
2 0.440625 0.747917 0.087500 0.095833
2 0.286719 0.745833 0.095312 0.095833
2 0.398438 0.839583 0.093750 0.100000
0 0.475000 0.539583 0.478125 0.783333
