4 0.432031 0.340625 0.117188 0.072917
4 0.575000 0.461458 0.112500 0.064583
4 0.420312 0.540625 0.118750 0.068750
4 0.560937 0.660417 0.115625 0.062500
4 0.551562 0.756250 0.115625 0.066667
4 0.399219 0.838542 0.123438 0.064583
2 0.582812 0.362500 0.121875 0.087500
2 0.431250 0.443750 0.125000 0.083333
2 0.568750 0.563542 0.118750 0.068750
2 0.418750 0.640625 0.125000 0.072917
2 0.410938 0.735417 0.118750 0.070833
2 0.543750 0.852083 0.106250 0.075000
0 0.486719 0.582292 0.348438 0.677083
