4 0.554688 0.369792 0.100000 0.085417
4 0.692187 0.450000 0.100000 0.091667
4 0.530469 0.456250 0.107813 0.087500
4 0.670312 0.534375 0.106250 0.089583
4 0.507812 0.545833 0.112500 0.091667
4 0.645312 0.616667 0.103125 0.091667
4 0.620313 0.697917 0.103125 0.091667
4 0.462500 0.715625 0.103125 0.089583
2 0.483594 0.630208 0.098437 0.081250
2 0.432812 0.801042 0.103125 0.085417
2 0.596094 0.779167 0.098437 0.083333
2 0.570312 0.859375 0.096875 0.081250
0 0.557813 0.607292 0.434375 0.731250
