2 0.300781 0.646875 0.057813 0.114583
2 0.288281 0.815625 0.064062 0.135417
2 0.375781 0.644792 0.057813 0.118750
2 0.454688 0.651042 0.053125 0.118750
2 0.529687 0.654167 0.050000 0.125000
2 0.607812 0.662500 0.062500 0.120833
2 0.685937 0.664583 0.062500 0.125000
2 0.368750 0.816667 0.053125 0.133333
2 0.446875 0.822917 0.050000 0.125000
2 0.521094 0.831250 0.057813 0.133333
2 0.598437 0.836458 0.059375 0.156250
2 0.682813 0.837500 0.071875 0.145833
0 0.510938 0.757292 0.528125 0.414583
