4 0.447656 0.555208 0.051562 0.072917
4 0.621094 0.565625 0.051562 0.072917
4 0.536719 0.558333 0.054688 0.075000
4 0.447656 0.659375 0.051562 0.068750
4 0.617969 0.669792 0.048438 0.068750
4 0.533594 0.666667 0.051562 0.070833
4 0.614844 0.769792 0.048438 0.068750
4 0.446094 0.759375 0.048438 0.068750
4 0.530469 0.763542 0.048438 0.068750
4 0.360156 0.753125 0.051562 0.068750
4 0.610156 0.866667 0.048438 0.066667
4 0.357812 0.855208 0.050000 0.064583
4 0.444531 0.858333 0.051562 0.070833
4 0.527344 0.863542 0.051562 0.068750
2 0.367188 0.548958 0.059375 0.085417
2 0.279687 0.537500 0.065625 0.083333
2 0.365625 0.648958 0.059375 0.085417
2 0.277344 0.641667 0.067187 0.083333
2 0.268750 0.748958 0.059375 0.081250
2 0.267188 0.847917 0.078125 0.075000
0 0.456250 0.706250 0.512500 0.491667
