4 0.639062 0.329167 0.050000 0.070833
4 0.597656 0.417708 0.051562 0.072917
4 0.539844 0.365625 0.051562 0.072917
4 0.499219 0.452083 0.051562 0.070833
4 0.438281 0.400000 0.051562 0.070833
4 0.560937 0.503125 0.050000 0.068750
4 0.399219 0.488542 0.051562 0.068750
4 0.460938 0.538542 0.050000 0.064583
4 0.521875 0.588542 0.050000 0.068750
4 0.361719 0.573958 0.054688 0.068750
4 0.322656 0.658333 0.054688 0.070833
4 0.482812 0.671875 0.050000 0.068750
4 0.422656 0.623958 0.051562 0.064583
4 0.444531 0.757292 0.048438 0.064583
4 0.384375 0.708333 0.050000 0.066667
4 0.407031 0.836458 0.048438 0.064583
4 0.346094 0.791667 0.051562 0.066667
4 0.282813 0.742708 0.056250 0.068750
2 0.578906 0.278125 0.054688 0.085417
2 0.517188 0.223958 0.056250 0.093750
2 0.479687 0.316667 0.056250 0.091667
0 0.467969 0.521875 0.476562 0.793750
