4 0.489844 0.243750 0.101562 0.112500
4 0.578906 0.446875 0.098437 0.097917
4 0.619531 0.348958 0.101562 0.102083
4 0.407813 0.444792 0.103125 0.106250
4 0.449219 0.346875 0.104688 0.114583
4 0.536719 0.545833 0.095312 0.095833
4 0.497656 0.643750 0.101562 0.100000
4 0.364063 0.543750 0.103125 0.104167
2 0.327344 0.644792 0.110937 0.102083
2 0.289844 0.740625 0.110937 0.106250
2 0.457813 0.739583 0.093750 0.100000
2 0.413281 0.836458 0.098437 0.106250
0 0.466406 0.512500 0.542188 0.866667
