2 0.475781 0.815625 0.089063 0.093750
4 0.484375 0.350000 0.106250 0.100000
4 0.615625 0.442708 0.103125 0.093750
4 0.428125 0.505208 0.109375 0.093750
4 0.455469 0.433333 0.110937 0.104167
4 0.583594 0.516667 0.104688 0.095833
4 0.400000 0.584375 0.103125 0.089583
4 0.529687 0.673958 0.096875 0.085417
4 0.557031 0.594792 0.098437 0.085417
4 0.501563 0.746875 0.096875 0.085417
4 0.371094 0.662500 0.101562 0.083333
4 0.342187 0.738542 0.103125 0.085417
0 0.468750 0.598958 0.462500 0.693750
