4 0.635938 0.487500 0.059375 0.083333
4 0.541406 0.471875 0.064062 0.085417
4 0.625000 0.616667 0.062500 0.083333
4 0.436719 0.591667 0.064062 0.083333
4 0.532031 0.605208 0.064062 0.085417
4 0.512500 0.862500 0.059375 0.079167
2 0.446875 0.462500 0.071875 0.108333
2 0.428125 0.725000 0.071875 0.104167
2 0.525781 0.732292 0.070312 0.093750
2 0.615625 0.745833 0.071875 0.091667
2 0.602344 0.870833 0.067187 0.104167
2 0.421875 0.844792 0.075000 0.089583
0 0.527344 0.648958 0.345313 0.614583
