2 0.370312 0.141667 0.065625 0.183333
4 0.467969 0.151042 0.042188 0.177083
4 0.568750 0.164583 0.046875 0.179167
4 0.557813 0.381250 0.056250 0.183333
4 0.467187 0.375000 0.062500 0.187500
4 0.371094 0.364583 0.070312 0.187500
4 0.552344 0.604167 0.054688 0.166667
4 0.457031 0.596875 0.057813 0.168750
4 0.360938 0.593750 0.062500 0.170833
2 0.452344 0.817708 0.064062 0.172917
2 0.357812 0.817708 0.065625 0.172917
2 0.540625 0.823958 0.071875 0.172917
0 0.474219 0.477083 0.345313 0.929167
