4 0.428125 0.351042 0.056250 0.077083
4 0.500781 0.362500 0.057813 0.083333
4 0.571094 0.371875 0.054688 0.085417
4 0.640625 0.377083 0.053125 0.070833
4 0.423438 0.452083 0.056250 0.079167
4 0.495312 0.463542 0.059375 0.077083
4 0.567187 0.471875 0.056250 0.077083
4 0.639844 0.475000 0.054688 0.075000
4 0.633594 0.568750 0.057813 0.066667
4 0.564063 0.566667 0.056250 0.070833
4 0.490625 0.562500 0.056250 0.075000
4 0.417969 0.550000 0.060937 0.070833
4 0.415625 0.645833 0.056250 0.066667
4 0.487500 0.655208 0.059375 0.072917
4 0.560937 0.661458 0.056250 0.064583
4 0.629687 0.666667 0.056250 0.066667
4 0.622656 0.761458 0.057813 0.064583
4 0.556250 0.753125 0.056250 0.072917
4 0.485938 0.751042 0.056250 0.072917
4 0.412500 0.742708 0.053125 0.068750
4 0.409375 0.842708 0.056250 0.068750
4 0.482812 0.845833 0.056250 0.066667
4 0.553125 0.847917 0.056250 0.070833
2 0.619531 0.847917 0.048438 0.079167
0 0.524219 0.615625 0.329688 0.672917
