4 0.382812 0.267708 0.121875 0.097917
4 0.382031 0.390625 0.120313 0.097917
4 0.377344 0.503125 0.120313 0.089583
4 0.378125 0.616667 0.121875 0.087500
4 0.377344 0.726042 0.114062 0.093750
4 0.373437 0.831250 0.112500 0.087500
4 0.515625 0.836458 0.093750 0.093750
4 0.517188 0.731250 0.112500 0.087500
4 0.520312 0.628125 0.118750 0.089583
4 0.520312 0.518750 0.121875 0.095833
4 0.529687 0.406250 0.125000 0.087500
2 0.532031 0.294792 0.117188 0.106250
0 0.446875 0.571875 0.328125 0.747917
