2 0.400781 0.432292 0.082812 0.110417
2 0.496875 0.436458 0.071875 0.118750
2 0.592969 0.445833 0.085938 0.104167
2 0.400000 0.566667 0.078125 0.104167
2 0.492188 0.565625 0.075000 0.114583
2 0.595313 0.571875 0.078125 0.110417
2 0.400000 0.689583 0.078125 0.104167
2 0.490625 0.692708 0.078125 0.114583
2 0.584375 0.703125 0.081250 0.102083
2 0.397656 0.809375 0.079687 0.097917
2 0.487500 0.815625 0.065625 0.102083
2 0.577344 0.819792 0.079687 0.097917
0 0.500781 0.651042 0.329688 0.602083
