2 0.482031 0.440625 0.064062 0.052083
2 0.478125 0.580208 0.065625 0.056250
2 0.373437 0.844792 0.071875 0.052083
2 0.271875 0.838542 0.075000 0.060417
4 0.371094 0.710417 0.070312 0.045833
4 0.377344 0.572917 0.064062 0.050000
4 0.381250 0.430208 0.065625 0.052083
4 0.271875 0.703125 0.065625 0.052083
4 0.275000 0.414583 0.071875 0.054167
4 0.272656 0.560417 0.067187 0.058333
4 0.473438 0.714583 0.062500 0.050000
4 0.465625 0.848958 0.062500 0.052083
0 0.371875 0.621875 0.350000 0.668750
