4 0.399219 0.293750 0.110937 0.062500
4 0.435156 0.503125 0.104688 0.064583
4 0.414062 0.404167 0.106250 0.062500
4 0.600781 0.465625 0.104688 0.060417
4 0.588281 0.369792 0.104688 0.068750
4 0.446875 0.604167 0.103125 0.058333
4 0.475000 0.797917 0.103125 0.058333
4 0.461719 0.702083 0.101562 0.054167
4 0.614062 0.566667 0.103125 0.054167
4 0.624219 0.664583 0.095312 0.062500
4 0.635938 0.757292 0.096875 0.064583
2 0.574219 0.263542 0.114062 0.089583
0 0.517969 0.548958 0.414062 0.714583
