2 0.503125 0.854167 0.103125 0.104167
2 0.636719 0.809375 0.101562 0.085417
4 0.512500 0.280208 0.106250 0.085417
4 0.371875 0.339583 0.109375 0.079167
4 0.396875 0.445833 0.103125 0.075000
4 0.535156 0.387500 0.101562 0.075000
4 0.423438 0.554167 0.103125 0.075000
4 0.558594 0.494792 0.098437 0.072917
4 0.585156 0.600000 0.098437 0.079167
4 0.607812 0.715625 0.093750 0.064583
4 0.449219 0.659375 0.098437 0.072917
4 0.475781 0.762500 0.098437 0.087500
0 0.501563 0.536458 0.446875 0.797917
