2 0.400781 0.333333 0.073438 0.104167
4 0.482812 0.352083 0.062500 0.104167
4 0.559375 0.361458 0.056250 0.106250
4 0.635938 0.367708 0.056250 0.089583
4 0.712500 0.375000 0.071875 0.104167
4 0.400000 0.446875 0.062500 0.089583
4 0.478906 0.464583 0.064062 0.104167
4 0.557031 0.469792 0.064062 0.089583
4 0.630469 0.481250 0.057813 0.095833
4 0.709375 0.481250 0.062500 0.095833
4 0.706250 0.589583 0.065625 0.079167
4 0.628125 0.579167 0.071875 0.083333
4 0.550000 0.576042 0.071875 0.110417
4 0.471875 0.569792 0.075000 0.097917
4 0.385156 0.548958 0.095312 0.118750
4 0.382812 0.669792 0.081250 0.089583
4 0.469531 0.680208 0.070312 0.085417
4 0.541406 0.676042 0.070312 0.089583
4 0.625000 0.690625 0.062500 0.089583
4 0.700000 0.691667 0.071875 0.095833
4 0.695312 0.788542 0.078125 0.085417
4 0.622656 0.789583 0.070312 0.079167
4 0.543750 0.785417 0.075000 0.100000
4 0.464062 0.781250 0.071875 0.079167
4 0.384375 0.772917 0.081250 0.095833
4 0.376563 0.880208 0.081250 0.093750
4 0.466406 0.877083 0.057813 0.083333
4 0.539844 0.885417 0.067187 0.083333
4 0.617188 0.889583 0.059375 0.087500
4 0.694531 0.893750 0.064062 0.087500
0 0.546875 0.605208 0.450000 0.739583
