4 0.504687 0.264583 0.106250 0.070833
4 0.507031 0.382292 0.104688 0.060417
4 0.496094 0.498958 0.107813 0.056250
4 0.497656 0.617708 0.107813 0.060417
4 0.493750 0.734375 0.109375 0.060417
4 0.491406 0.845833 0.107813 0.058333
4 0.649219 0.275000 0.107813 0.062500
4 0.644531 0.394792 0.110937 0.064583
4 0.640625 0.512500 0.103125 0.058333
4 0.633594 0.627083 0.104688 0.058333
2 0.627344 0.738542 0.114062 0.064583
2 0.619531 0.856250 0.110937 0.075000
0 0.566406 0.562500 0.326562 0.812500
