2 0.437500 0.475000 0.075000 0.100000
2 0.533594 0.485417 0.073438 0.100000
2 0.625781 0.483333 0.064062 0.087500
2 0.434375 0.609375 0.075000 0.089583
2 0.619531 0.615625 0.070312 0.093750
2 0.527344 0.611458 0.067187 0.093750
2 0.432031 0.734375 0.073438 0.089583
2 0.615625 0.746875 0.075000 0.093750
2 0.526563 0.739583 0.071875 0.100000
2 0.613281 0.870833 0.070312 0.095833
4 0.516406 0.867708 0.064062 0.093750
4 0.425781 0.860417 0.073438 0.095833
0 0.528125 0.659375 0.321875 0.585417
