4 0.388281 0.676042 0.057813 0.077083
4 0.492969 0.690625 0.057813 0.077083
4 0.603125 0.698958 0.062500 0.072917
4 0.714063 0.702083 0.053125 0.079167
4 0.392188 0.792708 0.062500 0.081250
4 0.491406 0.796875 0.057813 0.077083
4 0.600781 0.800000 0.057813 0.079167
4 0.706250 0.809375 0.062500 0.072917
4 0.383594 0.897917 0.057813 0.070833
4 0.488281 0.901042 0.054688 0.072917
4 0.594531 0.918750 0.060937 0.083333
4 0.701562 0.923958 0.056250 0.077083
0 0.539062 0.797917 0.459375 0.387500
