4 0.629687 0.393750 0.056250 0.079167
4 0.552344 0.385417 0.057813 0.083333
4 0.473438 0.371875 0.062500 0.085417
4 0.546094 0.488542 0.057813 0.081250
4 0.623437 0.496875 0.059375 0.077083
4 0.701562 0.505208 0.059375 0.081250
4 0.468750 0.479167 0.062500 0.079167
4 0.696875 0.606250 0.056250 0.070833
4 0.621094 0.600000 0.057813 0.070833
4 0.543750 0.593750 0.059375 0.079167
4 0.465625 0.584375 0.062500 0.081250
4 0.537500 0.695833 0.059375 0.079167
4 0.460938 0.688542 0.062500 0.081250
4 0.534375 0.797917 0.059375 0.075000
4 0.685937 0.809375 0.056250 0.072917
4 0.611719 0.802083 0.057813 0.079167
4 0.457813 0.794792 0.059375 0.072917
4 0.607031 0.904167 0.057813 0.075000
4 0.692187 0.709375 0.056250 0.072917
4 0.532813 0.898958 0.056250 0.072917
2 0.711719 0.402083 0.070312 0.083333
2 0.615625 0.705208 0.059375 0.085417
2 0.453125 0.897917 0.075000 0.095833
2 0.682031 0.907292 0.057813 0.085417
0 0.580469 0.615625 0.354687 0.706250
