4 0.431250 0.504167 0.062500 0.079167
4 0.400781 0.627083 0.064062 0.083333
4 0.499219 0.669792 0.057813 0.077083
4 0.471875 0.787500 0.059375 0.079167
2 0.526563 0.551042 0.071875 0.097917
2 0.617969 0.586458 0.064062 0.093750
2 0.709375 0.627083 0.071875 0.095833
2 0.589063 0.702083 0.065625 0.087500
2 0.680469 0.742708 0.070312 0.093750
2 0.651563 0.858333 0.065625 0.095833
2 0.565625 0.823958 0.071875 0.093750
2 0.380469 0.742708 0.079687 0.110417
0 0.528906 0.671875 0.485938 0.531250
