4 0.395313 0.426042 0.078125 0.097917
4 0.491406 0.433333 0.070312 0.104167
4 0.579688 0.434375 0.071875 0.110417
4 0.665625 0.437500 0.078125 0.100000
4 0.396094 0.557292 0.082812 0.106250
4 0.488281 0.560417 0.073438 0.108333
4 0.576562 0.561458 0.071875 0.097917
4 0.662500 0.564583 0.068750 0.100000
4 0.395313 0.685417 0.078125 0.104167
4 0.485156 0.688542 0.070312 0.093750
4 0.573438 0.690625 0.071875 0.093750
4 0.661719 0.694792 0.067187 0.106250
4 0.398438 0.808333 0.075000 0.087500
4 0.489063 0.809375 0.065625 0.089583
4 0.574219 0.810417 0.064062 0.095833
4 0.655469 0.810417 0.073438 0.095833
4 0.398438 0.933333 0.075000 0.091667
4 0.486719 0.927083 0.070312 0.100000
4 0.570312 0.927083 0.071875 0.091667
4 0.653125 0.933333 0.062500 0.095833
0 0.530469 0.640625 0.404687 0.718750
