4 0.519531 0.352083 0.054688 0.083333
4 0.355469 0.417708 0.054688 0.081250
4 0.440625 0.385417 0.056250 0.083333
4 0.391406 0.557292 0.051562 0.077083
4 0.472656 0.527083 0.054688 0.079167
4 0.552344 0.489583 0.054688 0.079167
4 0.588281 0.628125 0.057813 0.072917
4 0.508594 0.662500 0.054688 0.070833
4 0.428906 0.693750 0.057813 0.070833
4 0.461719 0.829167 0.054688 0.070833
4 0.541406 0.794792 0.054688 0.068750
2 0.623437 0.758333 0.062500 0.083333
0 0.495312 0.600000 0.384375 0.666667
