4 0.467187 0.402083 0.046875 0.162500
4 0.614844 0.405208 0.048438 0.164583
4 0.393750 0.400000 0.050000 0.158333
4 0.540625 0.403125 0.050000 0.164583
4 0.609375 0.609375 0.043750 0.152083
4 0.539062 0.607292 0.046875 0.156250
4 0.465625 0.605208 0.046875 0.156250
4 0.396094 0.602083 0.048438 0.158333
4 0.607031 0.807292 0.042188 0.152083
4 0.464062 0.803125 0.040625 0.147917
4 0.536719 0.805208 0.042188 0.152083
2 0.400781 0.797917 0.054688 0.166667
0 0.503125 0.585417 0.315625 0.670833
