2 0.545312 0.338542 0.056250 0.089583
4 0.304688 0.611458 0.050000 0.064583
4 0.356250 0.685417 0.046875 0.062500
4 0.403125 0.758333 0.043750 0.058333
4 0.445312 0.831250 0.040625 0.062500
4 0.364844 0.542708 0.048438 0.064583
4 0.414062 0.620833 0.043750 0.062500
4 0.460938 0.694792 0.043750 0.064583
4 0.504687 0.767708 0.043750 0.060417
4 0.425000 0.473958 0.050000 0.068750
4 0.475000 0.553125 0.046875 0.064583
4 0.520312 0.630208 0.043750 0.060417
4 0.565625 0.704167 0.043750 0.062500
4 0.486719 0.406250 0.048438 0.070833
4 0.537500 0.486458 0.046875 0.064583
4 0.579688 0.562500 0.046875 0.062500
4 0.595313 0.418750 0.046875 0.066667
4 0.640625 0.497917 0.046875 0.066667
4 0.685937 0.572917 0.046875 0.062500
4 0.625000 0.637500 0.046875 0.062500
0 0.479687 0.593750 0.518750 0.670833
