4 0.322656 0.251042 0.042188 0.152083
4 0.403125 0.263542 0.040625 0.152083
4 0.479687 0.271875 0.040625 0.147917
4 0.318750 0.447917 0.043750 0.150000
4 0.396875 0.457292 0.040625 0.147917
4 0.472656 0.466667 0.039062 0.141667
4 0.315625 0.639583 0.040625 0.141667
4 0.396875 0.648958 0.034375 0.135417
4 0.308594 0.828125 0.042188 0.131250
4 0.385156 0.832292 0.039062 0.131250
4 0.459375 0.835417 0.034375 0.129167
2 0.471875 0.648958 0.056250 0.152083
0 0.397656 0.516667 0.285938 0.850000
