2 0.354687 0.633333 0.071875 0.170833
2 0.435156 0.634375 0.057813 0.168750
2 0.362500 0.821875 0.065625 0.147917
2 0.434375 0.822917 0.059375 0.166667
2 0.505469 0.639583 0.054688 0.175000
2 0.506250 0.831250 0.062500 0.179167
2 0.580469 0.641667 0.057813 0.175000
2 0.575000 0.830208 0.056250 0.168750
2 0.649219 0.641667 0.070312 0.166667
2 0.717969 0.834375 0.057813 0.168750
2 0.648438 0.834375 0.059375 0.172917
2 0.722656 0.645833 0.073438 0.162500
0 0.532813 0.729167 0.484375 0.416667
