2 0.371875 0.380208 0.078125 0.097917
4 0.453125 0.390625 0.062500 0.097917
4 0.528125 0.397917 0.056250 0.095833
4 0.607031 0.400000 0.057813 0.087500
4 0.603906 0.518750 0.057813 0.087500
4 0.522656 0.513542 0.064062 0.077083
4 0.446094 0.501042 0.070312 0.089583
4 0.364844 0.497917 0.073438 0.095833
4 0.361719 0.610417 0.070312 0.104167
4 0.441406 0.615625 0.067187 0.093750
4 0.515625 0.623958 0.059375 0.089583
4 0.595313 0.631250 0.065625 0.100000
4 0.595313 0.744792 0.056250 0.097917
4 0.508594 0.737500 0.064062 0.095833
4 0.443750 0.731250 0.062500 0.104167
4 0.361719 0.728125 0.064062 0.085417
4 0.358594 0.838542 0.057813 0.093750
4 0.436719 0.844792 0.067187 0.093750
4 0.511719 0.848958 0.057813 0.093750
4 0.584375 0.856250 0.062500 0.087500
0 0.481250 0.631250 0.371875 0.650000
