4 0.641406 0.280208 0.104688 0.064583
4 0.629687 0.395833 0.103125 0.062500
4 0.489063 0.496875 0.112500 0.060417
4 0.623437 0.507292 0.106250 0.056250
4 0.485938 0.619792 0.112500 0.064583
4 0.624219 0.630208 0.104688 0.060417
4 0.483594 0.732292 0.117188 0.064583
4 0.614062 0.744792 0.109375 0.056250
4 0.475000 0.848958 0.106250 0.056250
2 0.496875 0.386458 0.121875 0.085417
2 0.503125 0.276042 0.121875 0.089583
4 0.613281 0.855208 0.114062 0.068750
0 0.555469 0.562500 0.329688 0.808333
