2 0.315625 0.738542 0.065625 0.085417
2 0.307031 0.853125 0.067187 0.085417
2 0.317969 0.626042 0.064062 0.089583
2 0.522656 0.754167 0.057813 0.087500
2 0.422656 0.745833 0.067187 0.083333
2 0.419531 0.855208 0.064062 0.085417
4 0.531250 0.641667 0.059375 0.083333
4 0.635156 0.647917 0.064062 0.083333
4 0.423438 0.633333 0.062500 0.083333
4 0.628125 0.870833 0.056250 0.079167
4 0.525781 0.862500 0.057813 0.083333
4 0.635156 0.764583 0.054688 0.070833
0 0.455469 0.750000 0.479687 0.391667
