4 0.607812 0.390625 0.106250 0.052083
4 0.604688 0.490625 0.106250 0.060417
4 0.461719 0.477083 0.114062 0.062500
4 0.457031 0.575000 0.107813 0.054167
4 0.599219 0.585417 0.107813 0.054167
4 0.456250 0.673958 0.109375 0.056250
4 0.597656 0.685417 0.101562 0.054167
4 0.446875 0.773958 0.109375 0.052083
4 0.592187 0.781250 0.103125 0.054167
4 0.445312 0.875000 0.109375 0.045833
4 0.588281 0.879167 0.104688 0.050000
2 0.464844 0.377083 0.120313 0.083333
0 0.534375 0.626042 0.337500 0.681250
