4 0.511719 0.369792 0.051562 0.068750
4 0.585938 0.373958 0.050000 0.068750
4 0.580469 0.472917 0.051562 0.066667
4 0.508594 0.471875 0.051562 0.068750
4 0.438281 0.463542 0.054688 0.068750
4 0.577344 0.572917 0.048438 0.062500
4 0.507031 0.570833 0.051562 0.062500
4 0.433594 0.562500 0.054688 0.062500
4 0.356250 0.554167 0.056250 0.062500
4 0.572656 0.673958 0.048438 0.060417
4 0.502344 0.666667 0.051562 0.062500
4 0.429688 0.662500 0.050000 0.062500
4 0.353906 0.656250 0.051562 0.062500
4 0.570312 0.769792 0.046875 0.060417
4 0.500000 0.766667 0.046875 0.062500
4 0.428125 0.760417 0.050000 0.062500
4 0.351562 0.758333 0.050000 0.062500
4 0.567187 0.868750 0.046875 0.058333
4 0.497656 0.862500 0.048438 0.058333
4 0.424219 0.860417 0.048438 0.062500
4 0.346875 0.860417 0.050000 0.062500
2 0.438281 0.366667 0.054688 0.070833
2 0.362500 0.347917 0.056250 0.075000
2 0.360938 0.448958 0.056250 0.068750
0 0.467187 0.570833 0.337500 0.704167
