4 0.453906 0.269792 0.117188 0.072917
4 0.601562 0.294792 0.106250 0.064583
4 0.450000 0.363542 0.112500 0.068750
4 0.437500 0.462500 0.112500 0.062500
4 0.588281 0.489583 0.104688 0.070833
4 0.431250 0.558333 0.109375 0.062500
4 0.579688 0.587500 0.100000 0.058333
4 0.422656 0.657292 0.110937 0.052083
4 0.572656 0.681250 0.101562 0.050000
4 0.411719 0.752083 0.107813 0.058333
4 0.565625 0.778125 0.109375 0.064583
2 0.596094 0.397917 0.117188 0.075000
0 0.514844 0.518750 0.357812 0.658333
