4 0.418750 0.361458 0.103125 0.077083
4 0.585156 0.288542 0.095312 0.077083
4 0.446875 0.461458 0.096875 0.077083
4 0.610156 0.384375 0.095312 0.077083
4 0.475000 0.556250 0.096875 0.075000
4 0.637500 0.483333 0.093750 0.075000
4 0.500781 0.651042 0.098437 0.068750
4 0.662500 0.576042 0.093750 0.072917
4 0.528906 0.746875 0.095312 0.072917
4 0.687500 0.667708 0.096875 0.068750
4 0.553906 0.838542 0.095312 0.072917
4 0.713281 0.762500 0.095312 0.066667
0 0.567969 0.578125 0.464062 0.760417
