2 0.585156 0.618750 0.064062 0.100000
2 0.391406 0.603125 0.079687 0.102083
2 0.489063 0.611458 0.075000 0.102083
2 0.289844 0.593750 0.082812 0.104167
2 0.581250 0.740625 0.071875 0.093750
2 0.487500 0.734375 0.071875 0.093750
2 0.390625 0.732292 0.078125 0.093750
2 0.289062 0.719792 0.081250 0.093750
2 0.284375 0.848958 0.081250 0.093750
2 0.578906 0.859375 0.067187 0.093750
2 0.485156 0.856250 0.070312 0.091667
2 0.385156 0.851042 0.067187 0.093750
0 0.442969 0.726042 0.457813 0.443750
