4 0.467969 0.134375 0.042188 0.168750
4 0.566406 0.143750 0.042188 0.166667
4 0.653125 0.147917 0.037500 0.166667
4 0.467187 0.373958 0.046875 0.181250
4 0.562500 0.371875 0.056250 0.181250
4 0.655469 0.368750 0.048438 0.179167
4 0.467969 0.595833 0.048438 0.150000
4 0.557031 0.605208 0.057813 0.168750
4 0.647656 0.607292 0.042188 0.164583
4 0.457031 0.817708 0.057813 0.135417
4 0.560937 0.815625 0.050000 0.139583
4 0.639062 0.816667 0.040625 0.145833
0 0.559375 0.470833 0.312500 0.941667
