4 0.537500 0.300000 0.100000 0.079167
4 0.686719 0.315625 0.101562 0.068750
4 0.534375 0.416667 0.109375 0.075000
4 0.675781 0.430208 0.101562 0.077083
4 0.525781 0.528125 0.114062 0.077083
4 0.671875 0.539583 0.106250 0.070833
4 0.519531 0.640625 0.107813 0.077083
4 0.667969 0.650000 0.101562 0.070833
4 0.516406 0.756250 0.107813 0.066667
4 0.663281 0.766667 0.114062 0.075000
4 0.514062 0.868750 0.106250 0.070833
4 0.657031 0.872917 0.104688 0.075000
0 0.594531 0.605208 0.335938 0.752083
