2 0.579688 0.451042 0.056250 0.156250
2 0.568750 0.264583 0.059375 0.170833
2 0.600781 0.810417 0.057813 0.150000
2 0.590625 0.632292 0.059375 0.147917
4 0.410938 0.271875 0.046875 0.156250
4 0.489063 0.266667 0.046875 0.158333
4 0.428125 0.464583 0.043750 0.137500
4 0.500000 0.458333 0.043750 0.141667
4 0.442188 0.648958 0.040625 0.135417
4 0.513281 0.640625 0.039062 0.139583
4 0.454688 0.831250 0.040625 0.129167
4 0.525781 0.820833 0.039062 0.129167
0 0.501563 0.516667 0.300000 0.829167
