2 0.448437 0.297917 0.050000 0.079167
2 0.407031 0.380208 0.054688 0.068750
4 0.631250 0.470833 0.043750 0.054167
4 0.531250 0.497917 0.046875 0.062500
4 0.510938 0.360417 0.043750 0.070833
4 0.571094 0.417708 0.048438 0.068750
4 0.429688 0.523958 0.050000 0.064583
4 0.367969 0.467708 0.054688 0.064583
4 0.470313 0.442708 0.046875 0.060417
4 0.549219 0.631250 0.048438 0.058333
4 0.589063 0.552083 0.050000 0.058333
4 0.491406 0.581250 0.048438 0.058333
4 0.350000 0.687500 0.046875 0.058333
4 0.389844 0.608333 0.048438 0.058333
4 0.324219 0.552083 0.051562 0.062500
4 0.283594 0.635417 0.048438 0.058333
4 0.244531 0.718750 0.048438 0.058333
4 0.310937 0.768750 0.046875 0.058333
4 0.371875 0.818750 0.043750 0.054167
4 0.429688 0.870833 0.043750 0.054167
4 0.410938 0.741667 0.043750 0.054167
4 0.450781 0.662500 0.042188 0.054167
4 0.507812 0.714583 0.043750 0.054167
4 0.468750 0.793750 0.043750 0.054167
0 0.446875 0.555208 0.503125 0.764583
