2 0.342187 0.129167 0.081250 0.200000
2 0.438281 0.148958 0.067187 0.177083
2 0.534375 0.158333 0.059375 0.162500
2 0.342187 0.361458 0.059375 0.181250
2 0.442188 0.594792 0.056250 0.172917
2 0.531250 0.812500 0.050000 0.175000
4 0.439844 0.366667 0.054688 0.187500
4 0.533594 0.372917 0.051562 0.183333
4 0.338281 0.593750 0.048438 0.166667
4 0.533594 0.594792 0.054688 0.164583
4 0.345313 0.813542 0.056250 0.172917
4 0.440625 0.811458 0.050000 0.172917
0 0.421094 0.465625 0.339062 0.931250
