2 0.587500 0.341667 0.096875 0.087500
2 0.456250 0.328125 0.103125 0.093750
2 0.449219 0.439583 0.098437 0.083333
2 0.582031 0.454167 0.098437 0.083333
2 0.447656 0.547917 0.101562 0.079167
2 0.577344 0.568750 0.098437 0.100000
2 0.446094 0.653125 0.098437 0.072917
2 0.571094 0.666667 0.098437 0.079167
2 0.440625 0.762500 0.103125 0.075000
2 0.433594 0.864583 0.098437 0.079167
2 0.564063 0.876042 0.093750 0.081250
0 0.518750 0.573958 0.306250 0.735417
2 0.572656 0.770833 0.095312 0.079167
