4 0.396875 0.320833 0.071875 0.095833
4 0.497656 0.323958 0.076563 0.102083
4 0.588281 0.319792 0.073438 0.093750
4 0.680469 0.319792 0.067187 0.097917
4 0.396094 0.460417 0.057813 0.083333
4 0.495312 0.462500 0.065625 0.087500
4 0.584375 0.468750 0.075000 0.087500
4 0.681250 0.471875 0.068750 0.093750
4 0.400781 0.602083 0.067187 0.083333
4 0.495312 0.601042 0.071875 0.089583
4 0.584375 0.602083 0.062500 0.095833
4 0.675781 0.607292 0.070312 0.085417
4 0.404687 0.737500 0.062500 0.087500
4 0.495312 0.742708 0.071875 0.093750
4 0.584375 0.744792 0.059375 0.097917
4 0.675000 0.746875 0.081250 0.093750
4 0.407031 0.863542 0.067187 0.093750
4 0.496875 0.867708 0.065625 0.093750
4 0.587500 0.873958 0.068750 0.093750
4 0.677344 0.876042 0.070312 0.097917
0 0.543750 0.607292 0.431250 0.756250
