4 0.656250 0.215625 0.121875 0.097917
4 0.675000 0.315625 0.118750 0.097917
4 0.692187 0.409375 0.112500 0.093750
4 0.714844 0.503125 0.120313 0.097917
4 0.505469 0.273958 0.117188 0.093750
4 0.528125 0.371875 0.112500 0.093750
4 0.547656 0.461458 0.117188 0.093750
4 0.571875 0.555208 0.112500 0.093750
4 0.360938 0.326042 0.115625 0.089583
4 0.385156 0.426042 0.120313 0.106250
4 0.409375 0.515625 0.118750 0.089583
4 0.425781 0.612500 0.126562 0.091667
0 0.531250 0.429167 0.556250 0.558333
