2 0.480469 0.386458 0.051562 0.068750
2 0.555469 0.390625 0.054688 0.068750
2 0.627344 0.396875 0.051562 0.068750
2 0.407813 0.370833 0.050000 0.075000
4 0.617969 0.593750 0.048438 0.058333
4 0.476562 0.583333 0.050000 0.062500
4 0.404687 0.575000 0.050000 0.062500
4 0.546875 0.590625 0.050000 0.060417
4 0.400781 0.676042 0.048438 0.060417
4 0.612500 0.688542 0.050000 0.060417
4 0.474219 0.682292 0.048438 0.060417
4 0.542188 0.685417 0.050000 0.058333
4 0.400000 0.772917 0.046875 0.054167
4 0.469531 0.775000 0.048438 0.054167
4 0.608594 0.783333 0.051562 0.062500
4 0.539062 0.779167 0.050000 0.058333
2 0.397656 0.860417 0.051562 0.075000
2 0.603125 0.877083 0.050000 0.070833
2 0.535156 0.869792 0.051562 0.072917
2 0.469531 0.864583 0.051562 0.070833
2 0.624219 0.495833 0.051562 0.062500
2 0.479687 0.484375 0.050000 0.068750
2 0.406250 0.473958 0.050000 0.068750
2 0.550000 0.492708 0.056250 0.068750
0 0.514062 0.596875 0.331250 0.706250
