4 0.442188 0.618750 0.059375 0.079167
4 0.335938 0.616667 0.062500 0.075000
4 0.549219 0.620833 0.057813 0.083333
4 0.654687 0.622917 0.062500 0.083333
4 0.338281 0.726042 0.067187 0.077083
4 0.549219 0.730208 0.057813 0.081250
4 0.651563 0.735417 0.059375 0.083333
4 0.546094 0.841667 0.057813 0.075000
4 0.651563 0.843750 0.056250 0.079167
2 0.445312 0.729167 0.065625 0.083333
2 0.443750 0.836458 0.065625 0.085417
2 0.335938 0.836458 0.065625 0.085417
0 0.479687 0.733333 0.459375 0.370833
