4 0.354687 0.363542 0.118750 0.089583
4 0.591406 0.672917 0.110937 0.079167
4 0.546094 0.491667 0.110937 0.083333
4 0.569531 0.583333 0.110937 0.087500
2 0.502344 0.310417 0.117188 0.100000
2 0.525000 0.398958 0.112500 0.089583
2 0.402344 0.553125 0.114062 0.089583
2 0.381250 0.460417 0.118750 0.095833
2 0.428125 0.644792 0.118750 0.085417
2 0.471875 0.819792 0.112500 0.093750
2 0.449219 0.730208 0.117188 0.085417
2 0.610156 0.764583 0.110937 0.091667
0 0.482031 0.575000 0.432812 0.708333
