4 0.607031 0.391667 0.054688 0.079167
4 0.669531 0.455208 0.057813 0.081250
4 0.562500 0.473958 0.050000 0.072917
4 0.632031 0.538542 0.048438 0.072917
4 0.521094 0.557292 0.054688 0.068750
4 0.592187 0.621875 0.059375 0.072917
4 0.478906 0.638542 0.054688 0.072917
4 0.552344 0.702083 0.054688 0.070833
4 0.439844 0.722917 0.054688 0.070833
4 0.513281 0.784375 0.054688 0.077083
4 0.399219 0.802083 0.051562 0.070833
4 0.474219 0.869792 0.060937 0.077083
0 0.534375 0.630208 0.434375 0.693750
