4 0.336719 0.344792 0.067187 0.089583
4 0.339844 0.450000 0.067187 0.087500
4 0.339844 0.557292 0.067187 0.093750
4 0.335938 0.656250 0.065625 0.079167
4 0.336719 0.756250 0.064062 0.083333
4 0.335938 0.851042 0.059375 0.093750
4 0.425000 0.458333 0.056250 0.087500
4 0.420312 0.563542 0.065625 0.085417
4 0.417187 0.662500 0.065625 0.079167
4 0.417969 0.762500 0.067187 0.083333
4 0.417969 0.857292 0.057813 0.085417
0 0.381250 0.586458 0.206250 0.697917
2 0.428125 0.357292 0.075000 0.097917
