4 0.442188 0.390625 0.059375 0.081250
4 0.521094 0.403125 0.057813 0.072917
4 0.602344 0.410417 0.060937 0.083333
4 0.680469 0.414583 0.060937 0.079167
4 0.673438 0.531250 0.056250 0.070833
4 0.596094 0.525000 0.057813 0.070833
4 0.521875 0.522917 0.056250 0.075000
4 0.439063 0.514583 0.059375 0.079167
4 0.434375 0.634375 0.053125 0.077083
4 0.514844 0.635417 0.057813 0.075000
4 0.592187 0.642708 0.059375 0.077083
4 0.668750 0.650000 0.056250 0.075000
4 0.435937 0.754167 0.056250 0.075000
4 0.514062 0.753125 0.059375 0.081250
4 0.589063 0.758333 0.053125 0.075000
4 0.661719 0.764583 0.054688 0.066667
4 0.660937 0.878125 0.056250 0.077083
4 0.587500 0.871875 0.053125 0.072917
4 0.510938 0.867708 0.056250 0.072917
4 0.436719 0.865625 0.057813 0.077083
0 0.559375 0.653125 0.362500 0.664583
