2 0.516406 0.469792 0.064062 0.089583
2 0.419531 0.459375 0.073438 0.106250
2 0.320312 0.445833 0.081250 0.104167
2 0.511719 0.600000 0.070312 0.091667
2 0.419531 0.593750 0.073438 0.100000
2 0.316406 0.587500 0.082812 0.095833
2 0.510156 0.731250 0.073438 0.091667
2 0.417969 0.722917 0.073438 0.095833
2 0.314844 0.714583 0.082812 0.095833
2 0.312500 0.843750 0.081250 0.104167
2 0.503906 0.855208 0.070312 0.093750
2 0.408594 0.850000 0.070312 0.100000
0 0.412500 0.628125 0.331250 0.606250
