4 0.356250 0.376042 0.075000 0.106250
4 0.539062 0.522917 0.075000 0.104167
4 0.439063 0.646875 0.071875 0.093750
4 0.346875 0.639583 0.081250 0.100000
4 0.339062 0.765625 0.075000 0.093750
2 0.547656 0.392708 0.079687 0.106250
2 0.453125 0.388542 0.081250 0.114583
2 0.353906 0.512500 0.079687 0.116667
2 0.449219 0.517708 0.073438 0.102083
2 0.535156 0.658333 0.073438 0.112500
2 0.437500 0.770833 0.075000 0.112500
2 0.529687 0.783333 0.078125 0.104167
0 0.441406 0.567708 0.345313 0.618750
