2 0.392969 0.133333 0.082812 0.200000
2 0.486719 0.161458 0.067187 0.164583
2 0.582812 0.163542 0.059375 0.185417
2 0.381250 0.362500 0.056250 0.170833
2 0.558594 0.826042 0.057813 0.177083
4 0.472656 0.602083 0.054688 0.166667
4 0.484375 0.379167 0.062500 0.183333
4 0.373437 0.814583 0.062500 0.175000
4 0.378906 0.595833 0.057813 0.175000
4 0.467969 0.819792 0.051562 0.168750
4 0.575000 0.383333 0.062500 0.204167
4 0.564063 0.602083 0.065625 0.187500
0 0.465625 0.470833 0.359375 0.941667
