4 0.507031 0.353125 0.051562 0.068750
4 0.440625 0.397917 0.050000 0.066667
4 0.375000 0.440625 0.046875 0.064583
4 0.308594 0.478125 0.054688 0.064583
4 0.475781 0.492708 0.048438 0.064583
4 0.539062 0.451042 0.043750 0.064583
4 0.411719 0.537500 0.048438 0.062500
4 0.344531 0.573958 0.051562 0.064583
4 0.508594 0.589583 0.048438 0.062500
4 0.572656 0.546875 0.048438 0.068750
4 0.445312 0.631250 0.046875 0.062500
4 0.377344 0.667708 0.051562 0.064583
4 0.573438 0.772917 0.043750 0.066667
4 0.543750 0.684375 0.046875 0.064583
4 0.607812 0.644792 0.050000 0.068750
4 0.478125 0.721875 0.046875 0.064583
4 0.413281 0.762500 0.048438 0.066667
2 0.447656 0.850000 0.051562 0.070833
2 0.511719 0.811458 0.051562 0.068750
2 0.641406 0.734375 0.054688 0.081250
0 0.461719 0.576042 0.457813 0.693750
