2 0.515625 0.293750 0.143750 0.145833
2 0.650781 0.361458 0.132812 0.114583
2 0.485938 0.384375 0.140625 0.127083
2 0.625781 0.459375 0.129688 0.122917
2 0.463281 0.478125 0.148438 0.122917
2 0.602344 0.544792 0.123438 0.122917
2 0.442188 0.571875 0.140625 0.122917
2 0.578125 0.635417 0.128125 0.120833
2 0.414062 0.664583 0.143750 0.133333
2 0.556250 0.733333 0.134375 0.129167
2 0.388281 0.759375 0.148438 0.135417
2 0.534375 0.818750 0.140625 0.133333
0 0.513281 0.561458 0.445312 0.731250
