2 0.433594 0.320833 0.107813 0.083333
2 0.568750 0.336458 0.109375 0.081250
2 0.428125 0.429167 0.112500 0.091667
2 0.564063 0.442708 0.109375 0.089583
2 0.427344 0.538542 0.104688 0.081250
2 0.561719 0.553125 0.104688 0.093750
2 0.423438 0.648958 0.109375 0.081250
2 0.551562 0.658333 0.112500 0.087500
2 0.419531 0.756250 0.117188 0.079167
2 0.553906 0.763542 0.104688 0.081250
2 0.415625 0.860417 0.106250 0.079167
2 0.546094 0.866667 0.107813 0.087500
0 0.498437 0.568750 0.306250 0.745833
