4 0.457031 0.342708 0.089063 0.052083
4 0.606250 0.358333 0.090625 0.050000
4 0.455469 0.426042 0.092188 0.052083
4 0.601562 0.434375 0.093750 0.047917
4 0.453906 0.508333 0.085938 0.050000
4 0.596875 0.520833 0.087500 0.054167
4 0.594531 0.602083 0.092188 0.054167
4 0.449219 0.668750 0.092188 0.050000
4 0.593750 0.683333 0.090625 0.050000
4 0.443750 0.747917 0.093750 0.045833
4 0.589063 0.761458 0.090625 0.056250
4 0.435937 0.828125 0.096875 0.043750
4 0.586719 0.838542 0.095312 0.047917
4 0.439844 0.908333 0.089063 0.041667
4 0.584375 0.921875 0.087500 0.056250
2 0.449219 0.590625 0.089063 0.064583
0 0.525000 0.614583 0.343750 0.712500
