4 0.457031 0.332292 0.101562 0.160417
4 0.518750 0.384375 0.096875 0.156250
4 0.580469 0.445833 0.092188 0.145833
4 0.643750 0.497917 0.084375 0.145833
4 0.373437 0.502083 0.090625 0.145833
4 0.439844 0.559375 0.089063 0.139583
4 0.497656 0.612500 0.082812 0.145833
4 0.557031 0.666667 0.092188 0.150000
4 0.286719 0.673958 0.098437 0.143750
4 0.357812 0.735417 0.093750 0.154167
4 0.421094 0.779167 0.095312 0.145833
4 0.481250 0.830208 0.100000 0.139583
0 0.464062 0.587500 0.521875 0.766667
