4 0.711719 0.328125 0.095312 0.077083
4 0.550781 0.351042 0.098437 0.093750
4 0.530469 0.438542 0.098437 0.085417
4 0.670312 0.504167 0.096875 0.079167
4 0.508594 0.519792 0.098437 0.077083
4 0.487500 0.608333 0.096875 0.079167
4 0.649219 0.586458 0.095312 0.072917
4 0.626563 0.670833 0.096875 0.075000
2 0.598437 0.193750 0.090625 0.079167
2 0.573438 0.266667 0.103125 0.100000
2 0.731250 0.240625 0.103125 0.081250
2 0.688281 0.413542 0.101562 0.081250
0 0.610938 0.430208 0.415625 0.731250
