4 0.428125 0.455208 0.118750 0.064583
4 0.425000 0.360417 0.121875 0.070833
4 0.603125 0.820833 0.109375 0.054167
4 0.597656 0.725000 0.114062 0.070833
4 0.588281 0.540625 0.117188 0.064583
4 0.592187 0.638542 0.118750 0.072917
2 0.582031 0.440625 0.117188 0.085417
2 0.575781 0.352083 0.120313 0.087500
2 0.439844 0.554167 0.117188 0.070833
2 0.444531 0.650000 0.120313 0.070833
2 0.449219 0.746875 0.117188 0.081250
2 0.455469 0.837500 0.117188 0.079167
0 0.510156 0.607292 0.348438 0.660417
