2 0.490625 0.347917 0.121875 0.095833
2 0.484375 0.453125 0.125000 0.097917
4 0.632031 0.478125 0.114062 0.068750
4 0.642969 0.379167 0.117188 0.075000
4 0.458594 0.748958 0.117188 0.060417
4 0.474219 0.552083 0.120313 0.070833
4 0.466406 0.652083 0.117188 0.070833
4 0.603125 0.771875 0.112500 0.060417
4 0.620313 0.578125 0.112500 0.060417
4 0.610938 0.676042 0.118750 0.068750
2 0.453906 0.844792 0.126562 0.081250
2 0.596094 0.863542 0.117188 0.089583
0 0.542969 0.583333 0.364063 0.712500
