2 0.351562 0.429167 0.081250 0.120833
2 0.453906 0.439583 0.073438 0.125000
2 0.548438 0.447917 0.068750 0.100000
2 0.347656 0.562500 0.070312 0.108333
2 0.451562 0.573958 0.093750 0.106250
2 0.545312 0.583333 0.078125 0.108333
2 0.347656 0.695833 0.089063 0.112500
4 0.443750 0.707292 0.075000 0.097917
4 0.539062 0.713542 0.078125 0.093750
4 0.342187 0.829167 0.081250 0.087500
4 0.436719 0.830208 0.070312 0.093750
2 0.531250 0.833333 0.096875 0.108333
0 0.442969 0.647917 0.342187 0.608333
