4 0.478906 0.415625 0.042188 0.060417
4 0.482812 0.292708 0.043750 0.064583
4 0.353906 0.402083 0.048438 0.070833
4 0.354687 0.277083 0.050000 0.075000
4 0.467187 0.767708 0.040625 0.056250
4 0.348438 0.758333 0.043750 0.058333
4 0.474219 0.536458 0.042188 0.060417
4 0.471094 0.652083 0.042188 0.058333
4 0.350000 0.527083 0.043750 0.062500
4 0.350000 0.643750 0.046875 0.058333
2 0.345313 0.867708 0.046875 0.064583
2 0.464062 0.880208 0.040625 0.072917
0 0.411719 0.557292 0.270313 0.802083
