4 0.507812 0.193750 0.059375 0.091667
4 0.639062 0.339583 0.056250 0.083333
4 0.575781 0.267708 0.057813 0.085417
4 0.703906 0.402083 0.054688 0.075000
4 0.525781 0.354167 0.057813 0.079167
4 0.460938 0.287500 0.062500 0.083333
4 0.654687 0.486458 0.056250 0.072917
4 0.592187 0.422917 0.056250 0.075000
4 0.478906 0.443750 0.057813 0.079167
4 0.414062 0.373958 0.062500 0.085417
4 0.607031 0.572917 0.057813 0.070833
4 0.544531 0.507292 0.057813 0.072917
4 0.367188 0.462500 0.062500 0.079167
4 0.434375 0.528125 0.059375 0.077083
4 0.560937 0.653125 0.059375 0.072917
4 0.498437 0.591667 0.059375 0.075000
4 0.321094 0.550000 0.064062 0.075000
4 0.276562 0.638542 0.056250 0.068750
4 0.388281 0.611458 0.057813 0.072917
4 0.514844 0.736458 0.057813 0.072917
4 0.452344 0.677083 0.057813 0.070833
2 0.346094 0.698958 0.073438 0.085417
2 0.409375 0.756250 0.056250 0.079167
2 0.472656 0.821875 0.057813 0.089583
0 0.475781 0.518750 0.551562 0.791667
